3 0.36953125 0.63046875 0.16015625 0.3171875
3 0.30234375 0.82265625 0.190625 0.3546875
6 0.625 0.64296875 0.1765625 0.48671875
3 0.78828125 0.41875 0.09765625 0.2
3 0.21484375 0.575 0.1484375 0.30859375
3 0.26015625 0.396875 0.10546875 0.18125
2 0.41171875 0.2859375 0.1625 0.3734375
6 0.609375 0.203125 0.07734375 0.1875
3 0.5140625 0.50703125 0.07265625 0.20625
5 0.88984375 0.93359375 0.075 0.12734375
3 0.7078125 0.96953125 0.2140625 0.06015625
5 0.67890625 0.4 0.0359375 0.10625
5 0.79375 0.70625 0.05625 0.17890625
5 0.94296875 0.9265625 0.04453125 0.14453125
3 0.12109375 0.97421875 0.234375 0.0515625
3 0.521875 0.1546875 0.0453125 0.06953125
3 0.51015625 0.14921875 0.03984375 0.0671875
5 0.7421875 0.6859375 0.03359375 0.14921875
3 0.50703125 0.11484375 0.03359375 0.0390625
5 0.62421875 0.3125 0.028125 0.07890625
3 0.54609375 0.340625 0.09140625 0.16484375
3 0.540625 0.240625 0.07421875 0.12265625
5 0.6453125 0.3015625 0.03203125 0.071875
3 0.5015625 0.0640625 0.02421875 0.03828125
3 0.3046875 0.35 0.06796875 0.140625
3 0.321875 0.25625 0.05234375 0.0875
6 0.3421875 0.15703125 0.06953125 0.146875