3 0.2109375 0.69296875 0.203125 0.455078125
3 0.49921875 0.7921875 0.173828125 0.39609375
3 0.309375 0.47265625 0.109765625 0.265625
3 0.56015625 0.5265625 0.1203125 0.294140625
3 0.5109375 0.4015625 0.07890625 0.197265625
3 0.39140625 0.21953125 0.059375 0.098828125
3 0.3359375 0.34921875 0.084375 0.1703125
3 0.36953125 0.28828125 0.0640625 0.120703125
3 0.525 0.30625 0.069140625 0.12421875
3 0.484375 0.240625 0.059765625 0.128125
3 0.52890625 0.1875 0.054296875 0.097265625
6 0.47109375 0.125 0.0578125 0.14375
5 0.57265625 0.23828125 0.021875 0.069921875
3 0.6109375 0.271875 0.059765625 0.115234375