3 0.4234375 0.34140625 0.09140625 0.1828125
6 0.2703125 0.76875 0.508984375 0.452734375
3 0.471875 0.14453125 0.047265625 0.090625
5 0.778125 0.64921875 0.071484375 0.259375
5 0.615625 0.5515625 0.056640625 0.219140625
5 0.55 0.409375 0.05703125 0.184765625
3 0.29765625 0.2078125 0.054296875 0.1125
3 0.11640625 0.55625 0.1796875 0.490625
5 0.528125 0.8671875 0.078125 0.246484375
3 0.21484375 0.36328125 0.092578125 0.210546875
5 0.865625 0.93203125 0.090625 0.1296875
3 0.24765625 0.271875 0.076171875 0.162890625
3 0.3921875 0.52421875 0.103125 0.198828125
5 0.715625 0.88515625 0.08203125 0.219921875
6 0.4 0.19296875 0.083984375 0.25
5 0.68515625 0.65859375 0.058203125 0.254296875
3 0.321875 0.13671875 0.034765625 0.1