1 0.859375 0.8203125 0.27578125 0.359375
5 0.3859375 0.925 0.0625 0.15
5 0.53046875 0.909375 0.070703125 0.18125
5 0.4140625 0.85859375 0.05390625 0.235546875
5 0.4453125 0.7640625 0.06015625 0.275
5 0.5015625 0.85390625 0.078125 0.289453125
5 0.51875 0.74140625 0.084375 0.190625
5 0.53203125 0.63984375 0.071875 0.217578125
5 0.05 0.89453125 0.081640625 0.210546875
5 0.1203125 0.80234375 0.08125 0.251953125
5 0.19921875 0.70703125 0.083203125 0.2609375
5 0.246875 0.62109375 0.06796875 0.182421875
5 0.7515625 0.66640625 0.046484375 0.1828125
5 0.8078125 0.66640625 0.053125 0.204296875
5 0.875 0.678125 0.046484375 0.1875
5 0.934375 0.684375 0.05546875 0.187109375
5 0.9375 0.540625 0.04296875 0.1375
1 0.77265625 0.371875 0.144921875 0.183984375
5 0.58515625 0.52890625 0.051171875 0.165625
5 0.5859375 0.4484375 0.03984375 0.11875
3 0.20562953906249998 0.7433948859374999 0.16083535 0.9057325484375 0.1620460046875 0.9268364437500001 0.169915253125 0.9357650156249999 0.23165859531250002 0.966609171875 0.2510290546875 0.997453328125 0.269867346875 0.9984375 0.3157657390625 0.9984375 0.3224576265625 0.990959821875 0.338801453125 0.9495637171875 0.344854721875 0.897615665625 0.3545399515625 0.8651481328124999 0.350907990625 0.835927353125 0.3636198546875 0.8221286531249999 0.38177966093750004 0.8172585234374999 0.3875 0.8054041843749999 0.3875 0.6931385640625 0.365435834375 0.6183948859374999 0.36119854687499997 0.61271306875 0.3115617421875 0.60134943125 0.2849273609375 0.609466315625 0.232263921875 0.678459821875 0.20562953906249998 0.7433948859374999
3 0.31469998593750004 0.5561891234375 0.310462696875 0.5505073046875 0.3074360625 0.554565746875 0.312278678125 0.5724228890624999 0.3110680234375 0.5967735390625 0.364942115625 0.61381899375 0.3897605171875 0.68930600625 0.390971171875 0.71365665625 0.4042883625 0.7201501625 0.421237515625 0.7039163953124999 0.433344053125 0.648721590625 0.45029320625 0.611383928125 0.4546875 0.5618882015625 0.4546875 0.5427337875 0.433344053125 0.536708603125 0.4285014375 0.5058644484375 0.41821088125 0.48881899375 0.34920361718750004 0.47745535625 0.3280171765625 0.517228084375 0.31469998593750004 0.5561891234375
3 0.6239121375 1 0.7171875 0.9995788749999999 0.7171875 0.90142985625 0.7080073390625 0.8818790578125 0.6462639968749999 0.8656452921875 0.5845206562499999 0.864021915625 0.5760460796875 0.8542816546875001 0.5584916 0.864833603125 0.5379104859375 0.9784699671875 0.5385051640625 1 0.6239121375 1
3 0.24323925468750002 1 0.2453125 0.9976833046875001 0.2453125 0.9933380671875 0.24059095 0.9832081968749999 0.21214058750000003 0.9564224828125001 0.1806635890625 0.94181209375 0.12497351718750001 0.9304484562500001 0.10923501718749999 0.9304484562500001 0.06141419375 0.996195209375 0.0721965828125 1 0.24323925468750002 1
3 0.603824303125 0.5798531890625 0.5856644953125001 0.66589215 0.5711366499999999 0.67238565625 0.5832431890625001 0.6934895515624999 0.5723473046875001 0.8071259156249999 0.5808218796875 0.844463578125 0.5907127984375 0.846875 0.5956519734375 0.846875 0.6250107421875 0.8306648765625001 0.6322746640625 0.83553500625 0.6377226078125 0.8006324093750001 0.6353012984374999 0.782775265625 0.6564877390625 0.778716825 0.6613303546875 0.7705999421875 0.67343689375 0.7673531890625 0.6879647390625 0.7365090328125 0.7061245453125 0.751119421875 0.7091511796875001 0.7649181234375 0.7125 0.70504526875 0.7125 0.69671793125 0.706729871875 0.6301778640625 0.694623334375 0.557125915625 0.6794901609374999 0.5368337078125001 0.6540664328125 0.528716825 0.6238000875 0.531963578125 0.603824303125 0.5798531890625
3 0.4764546765625 0.337865259375 0.44558300624999997 0.40523538906249995 0.428633853125 0.41984577968750003 0.42621254531249997 0.44257305156250004 0.43226581406250003 0.4539366875 0.42379123906249994 0.48315746718749997 0.4250018921875 0.49452110312500003 0.436503103125 0.5310470781250001 0.46071617812500004 0.5440340906250001 0.5030890593749999 0.5521509734375 0.5131101015625 0.56875 0.5134905921875 0.56875 0.5242755 0.525365259375 0.535171384375 0.50913149375 0.543645959375 0.450689934375 0.543645959375 0.40848214218749995 0.5224595187500001 0.3492288953125 0.4764546765625 0.337865259375
3 0.5341669171875 0.36709618593750004 0.541430840625 0.4141741078125 0.5481726671875 0.4171875 0.5487287203125 0.4171875 0.5578125 0.3547623171875 0.5578125 0.343252865625 0.55474803125 0.3021611203125 0.545668128125 0.28673904375000003 0.50208459375 0.27862216093750003 0.483319459375 0.3297585234375 0.52266570625 0.341933846875 0.5341669171875 0.36709618593750004
3 0.490625 0.27514015 0.5456265140625 0.287297078125 0.5547064171875 0.3010957796875 0.5606197046875 0.3328125 0.560919665625 0.3328125 0.571875 0.281397121875 0.571875 0.26212458125000004 0.568023609375 0.20531655781249997 0.549258475 0.18989448125 0.51899213125 0.18502435 0.49901634531249994 0.218303571875 0.490625 0.274563715625 0.490625 0.27514015
3 0.6485339734375 0.5292106328124999 0.686064240625 0.543821021875 0.6915121828124999 0.5511262171875 0.7060400265625 0.6144379046874999 0.710466484375 0.615625 0.7204505875 0.615625 0.7326744093750001 0.6046976453124999 0.7375 0.5804326046875 0.7375 0.5798675875 0.7326744093750001 0.44398335937500005 0.71148796875 0.40908076250000003 0.6666937796875 0.40258725625 0.6491393000000001 0.4391132296875 0.64308603125 0.518658684375 0.6485339734375 0.5292106328124999
3 0.6274515734375 0.3561181 0.6298728812500001 0.383715503125 0.6238196125 0.44702719062499996 0.625030265625 0.4794947234375 0.6299788140625 0.4828125 0.6353813546875 0.4828125 0.64197941875 0.4794947234375 0.6480326875 0.4389103078125 0.6643765125 0.40238433437500004 0.7000907984375 0.4031960234375 0.7015625 0.38740868125 0.7015625 0.36958198124999997 0.6976694921875 0.3382609578125 0.6885895890625 0.3195921265625 0.64984866875 0.3163453734375 0.6335048421875 0.33663758125 0.634715496875 0.3561181 0.6274515734375 0.3561181
3 0.690625 0.31901516406249997 0.690625 0.3098876015625 0.68513355 0.26637581093749996 0.64515603125 0.2609375 0.6433205953125001 0.2609375 0.6336807656250001 0.3126420453125 0.6336807656250001 0.32725243437499996 0.639128709375 0.3296875 0.641550015625 0.3296875 0.6524458984375 0.3150771109375 0.690625 0.31901516406249997
3 0.6272781734375 0.325 0.628458934375 0.325 0.6434076125 0.2600547890625 0.678125 0.2608438203125 0.678125 0.25017248593749997 0.67791124375 0.24787946249999998 0.6700419937500001 0.235704140625 0.636749015625 0.233269075 0.6222211718749999 0.298204140625 0.6222211718749999 0.3209314125 0.6272781734375 0.325
3 0.6374318999999999 0.208127028125 0.6271413421875 0.2316659890625 0.6271413421875 0.24140625 0.6322393328125 0.246875 0.633667703125 0.246875 0.6410638609375 0.23085430156250003 0.674962165625 0.24221793749999998 0.6791994531250001 0.233289365625 0.6743568390625 0.22354910625 0.6791994531250001 0.2186789765625 0.6374318999999999 0.208127028125
3 0.6945123328125 0.2776988640625 0.6963283125 0.285004059375 0.701170928125 0.2801339296875 0.706564390625 0.2921875 0.706683728125 0.2921875 0.7217520421875 0.26390016250000004 0.7350692328124999 0.2736404234375 0.736885215625 0.2890625 0.740517175 0.2874391234375 0.74375 0.244089875 0.74375 0.23627588125 0.7380958671875 0.2014001625 0.731437271875 0.1924715921875 0.7108561578125 0.1892248390625 0.7005656015625 0.2111404234375 0.693301678125 0.2468547078125 0.6945123328125 0.2776988640625
3 0.7964323531249999 0.5109375 0.7988536625 0.564508928125 0.81277618125 0.563697240625 0.818224121875 0.5693790578125 0.8315413140624999 0.632690746875 0.8371773390625 0.6375 0.8533754546875001 0.6375 0.8702822328125001 0.6132102265625 0.872703540625 0.5904829546875 0.8859375 0.5830889796875 0.8859375 0.5615462640625 0.88117811875 0.4849634734375 0.8757301749999999 0.47278814843749994 0.8660449453125001 0.46791801875 0.810354871875 0.46629464218749994 0.8049069296875 0.4719764609375 0.7964323531249999 0.5109375
5 0.76328125 0.5328125 0.0421875 0.13359375