3 0.10625 0.78125 0.2125 0.4375
3 0.25234375 0.49921875 0.117578125 0.2171875
3 0.22734375 0.3578125 0.082421875 0.165625
3 0.4453125 0.28125 0.065625 0.150390625
6 0.38125 0.421875 0.131640625 0.36328125
5 0.3421875 0.18203125 0.027734375 0.0859375
6 0.72109375 0.60859375 0.3859375 0.7828125
5 0.1 0.52890625 0.04453125 0.114453125
3 0.2796875 0.18984375 0.078515625 0.175
3 0.41875 0.10546875 0.047265625 0.080078125
3 0.4578125 0.08671875 0.04609375 0.098828125
3 0.3296875 0.0734375 0.037890625 0.062109375
5 0.36015625 0.06015625 0.01875 0.0515625
3 0.390625 0.03671875 0.034375 0.070703125