3 0.1734375 0.68359375 0.196875 0.3890625
3 0.49140625 0.83359375 0.20859375 0.32421875
3 0.25 0.471875 0.115625 0.20859375
3 0.48515625 0.553125 0.13125 0.28515625
3 0.30546875 0.3265625 0.0859375 0.17421875
3 0.59296875 0.43828125 0.1 0.2046875
3 0.640625 0.621875 0.1453125 0.32578125
3 0.690625 0.39765625 0.08671875 0.1671875
3 0.5515625 0.3375 0.06875 0.15
6 0.4578125 0.36796875 0.11328125 0.28359375
3 0.528125 0.24765625 0.0515625 0.10078125
5 0.828125 0.728125 0.04921875 0.20234375
5 0.77109375 0.5546875 0.03828125 0.171875
3 0.6125 0.22265625 0.05 0.0953125
3 0.51171875 0.18671875 0.0453125 0.09609375
3 0.4015625 0.14140625 0.0421875 0.07421875
3 0.45078125 0.14296875 0.04296875 0.0578125
5 0.9578125 0.87421875 0.0703125 0.2515625
5 0.6828125 0.4671875 0.034375 0.1125
3 0.46328125 0.10078125 0.04140625 0.065625
5 0.6984375 0.8984375 0.08671875 0.19921875
3 0.4109375 0.10390625 0.0328125 0.0421875
3 0.45 0.18515625 0.053125 0.075
3 0.51875 0.1234375 0.03359375 0.0671875
6 0.340625 0.22109375 0.08359375 0.14375
5 0.80234375 0.628125 0.04453125 0.16171875
3 0.3828125 0.1625 0.0390625 0.0703125
5 0.73046875 0.5359375 0.03984375 0.13828125
5 0.76328125 0.65 0.05234375 0.18125
5 0.6296875 0.31953125 0.0328125 0.09140625
5 0.8828125 0.909375 0.084375 0.18125
5 0.7703125 0.8359375 0.0703125 0.24921875
5 0.78671875 0.93046875 0.0640625 0.1390625