3 0.1625 0.70625 0.190625 0.365625
3 0.8890625 0.921875 0.20234375 0.15546875
3 0.2265625 0.5140625 0.13125 0.18671875
3 0.3875 0.521875 0.12265625 0.22734375
6 0.56875 0.66875 0.2 0.6625
3 0.5265625 0.24140625 0.0515625 0.1453125
3 0.31328125 0.3171875 0.06796875 0.1375
3 0.409375 0.4359375 0.1 0.175
3 0.44609375 0.1828125 0.0484375 0.0703125
3 0.284375 0.38671875 0.078125 0.16484375
5 0.875 0.7078125 0.04765625 0.1796875
3 0.44140625 0.23984375 0.04921875 0.08671875
5 0.69765625 0.9453125 0.07421875 0.103125
5 0.825 0.415625 0.0453125 0.11015625
3 0.50234375 0.1328125 0.04296875 0.05390625
3 0.34453125 0.78984375 0.1703125 0.4203125
5 0.82578125 0.728125 0.0421875 0.18359375
5 0.78984375 0.66171875 0.04609375 0.1578125
5 0.3640625 0.34375 0.03828125 0.1359375
3 0.4984375 0.29375 0.07109375 0.06875
5 0.85546875 0.80625 0.05625 0.13203125
3 0.459375 0.109375 0.03828125 0.05859375
5 0.76640625 0.80859375 0.05546875 0.19609375
5 0.4171875 0.32421875 0.0453125 0.0875
5 0.7078125 0.4890625 0.03671875 0.0859375
3 0.4515625 0.13828125 0.04609375 0.046875
5 0.55859375 0.2015625 0.01953125 0.06796875
5 0.40625 0.26640625 0.02109375 0.09609375
5 0.71953125 0.57734375 0.05859375 0.1515625
3 0.41484375 0.0953125 0.04765625 0.09375
5 0.975 0.796875 0.05 0.22109375
2 0.34296875 0.20390625 0.09140625 0.1828125
3 0.51171875 0.1953125 0.04609375 0.07265625
5 0.39921875 0.26953125 0.025 0.103125
5 0.7 0.7265625 0.06484375 0.24921875
5 0.59140625 0.31171875 0.0453125 0.11796875