3 0.584375 0.82421875 0.1875 0.3515625
3 0.31328125 0.825 0.2015625 0.340625
3 0.1484375 0.7796875 0.18984375 0.380859375
3 0.21015625 0.48203125 0.104296875 0.2078125
3 0.35703125 0.6578125 0.123046875 0.290625
3 0.35625 0.47265625 0.103125 0.1953125
5 0.45390625 0.88125 0.0734375 0.23125
5 0.46640625 0.95 0.059375 0.097265625
3 0.2578125 0.328125 0.062890625 0.103515625
5 0.26328125 0.6125 0.041796875 0.165234375
5 0.46328125 0.6234375 0.041796875 0.15234375
5 0.828125 0.878125 0.065234375 0.237890625
5 0.1296875 0.54140625 0.03359375 0.1046875
5 0.4203125 0.45625 0.043359375 0.13671875
5 0.44453125 0.73125 0.048046875 0.137890625
5 0.4109375 0.36796875 0.02890625 0.090625
5 0.43359375 0.5890625 0.036328125 0.17890625
5 0.75234375 0.87421875 0.051953125 0.229296875
5 0.209375 0.57265625 0.034375 0.09375
5 0.8484375 0.95390625 0.075 0.0921875
5 0.51484375 0.6328125 0.0453125 0.119140625
5 0.69609375 0.778125 0.05 0.16875
3 0.34609375 0.303125 0.0625 0.090625
5 0.10546875 0.603125 0.038671875 0.093359375
5 0.515625 0.434375 0.04453125 0.102734375
3 0.26328125 0.28515625 0.059375 0.079296875
5 0.39765625 0.21484375 0.0234375 0.0703125
3 0.24453125 0.40625 0.057421875 0.13828125
3 0.35546875 0.3609375 0.0765625 0.11015625
5 0.3203125 0.2796875 0.030859375 0.09140625
5 0.75546875 0.93984375 0.0671875 0.1203125
3 0.78828125 0.70546875 0.2875 0.3453125
5 0.6140625 0.59453125 0.06640625 0.204296875
5 0.51953125 0.51875 0.076953125 0.190625