3 0.11796875 0.79765625 0.23046875 0.4046875
3 0.3421875 0.8625 0.19921875 0.27421875
3 0.59296875 0.90234375 0.1828125 0.1953125
3 0.61015625 0.7375 0.140625 0.35546875
3 0.59296875 0.54296875 0.1265625 0.23359375
3 0.565625 0.4171875 0.0859375 0.1734375
3 0.4015625 0.68359375 0.16875 0.30625
3 0.2140625 0.584375 0.14140625 0.2375
3 0.29765625 0.421875 0.11640625 0.20078125
3 0.41328125 0.45234375 0.12109375 0.20703125
3 0.53984375 0.33671875 0.07265625 0.14921875
3 0.5484375 0.26484375 0.06953125 0.0671875
3 0.4734375 0.16796875 0.04375 0.05390625
3 0.465625 0.12890625 0.0328125 0.04453125
3 0.38671875 0.1421875 0.04375 0.08828125
3 0.3703125 0.196875 0.0484375 0.07890625
3 0.34140625 0.27890625 0.07421875 0.13125
3 0.52109375 0.20234375 0.0484375 0.0828125
6 0.45234375 0.38671875 0.1046875 0.2203125
6 0.44609375 0.2421875 0.0828125 0.13828125
6 0.5140625 0.1265625 0.0609375 0.1046875
5 0.778125 0.521875 0.05546875 0.19140625
5 0.9421875 0.92421875 0.04453125 0.1515625
5 0.84609375 0.90703125 0.07109375 0.1546875
5 0.72734375 0.87109375 0.0625 0.20078125
5 0.8421875 0.7890625 0.06875 0.2
5 0.7984375 0.72109375 0.0421875 0.22265625
5 0.74296875 0.73359375 0.05703125 0.153125
5 0.72109375 0.659375 0.0359375 0.13046875
5 0.70078125 0.58984375 0.06328125 0.15390625
5 0.67890625 0.50859375 0.0296875 0.1
5 0.65390625 0.45625 0.0359375 0.1
5 0.63515625 0.40859375 0.0359375 0.08359375
5 0.60703125 0.34296875 0.028125 0.07265625
5 0.596875 0.221875 0.0234375 0.10390625
5 0.56015625 0.1625 0.01875 0.06796875
5 0.434375 0.11796875 0.01875 0.04375
5 0.43125 0.1546875 0.00703125 0.034375