3 0.36875 0.82109375 0.159375 0.3578125
3 0.1859375 0.43125 0.109765625 0.22421875
3 0.35703125 0.49453125 0.111328125 0.2546875
3 0.396875 0.24765625 0.075 0.1390625
3 0.71328125 0.8984375 0.2515625 0.203125
3 0.24296875 0.3015625 0.079296875 0.166015625
5 0.51796875 0.640625 0.057421875 0.166015625
5 0.27890625 0.62734375 0.048828125 0.175
3 0.49921875 0.22890625 0.071875 0.126953125
5 0.12265625 0.70234375 0.0484375 0.2140625
5 0.3265625 0.2578125 0.02734375 0.099609375
5 0.52421875 0.78359375 0.058203125 0.24375
5 0.6890625 0.596875 0.044140625 0.115234375
5 0.790625 0.45546875 0.03828125 0.089453125
3 0.375 0.353125 0.090234375 0.16328125
5 0.440625 0.3375 0.033984375 0.115234375
5 0.18125 0.690625 0.053515625 0.24296875
5 0.53203125 0.16953125 0.030078125 0.0953125
5 0.2171875 0.5828125 0.049609375 0.150390625
5 0.43984375 0.61015625 0.038671875 0.2171875
5 0.234375 0.51796875 0.03671875 0.1328125
5 0.0671875 0.8421875 0.068359375 0.315625
5 0.03671875 0.5734375 0.051953125 0.168359375
5 0.8265625 0.59375 0.052734375 0.265234375
5 0.3609375 0.975 0.065625 0.05
5 0.70546875 0.3734375 0.041796875 0.102734375
5 0.17265625 0.55703125 0.0515625 0.155078125
5 0.6375 0.3484375 0.04921875 0.15859375
5 0.26796875 0.4859375 0.034375 0.165234375
5 0.30625 0.31953125 0.028125 0.109375
5 0.29296875 0.4015625 0.035546875 0.11015625
5 0.57890625 0.30078125 0.0296875 0.0828125
3 0.4890625 0.35546875 0.077734375 0.204296875
3 0.28203125 0.2171875 0.060546875 0.112890625
5 0.61796875 0.3546875 0.0265625 0.131640625
5 0.5234375 0.896875 0.072265625 0.205859375
5 0.68515625 0.7546875 0.0421875 0.097265625
6 0.31640625 0.11171875 0.048828125 0.1234375
3 0.46015625 0.0875 0.0359375 0.087890625
5 0.22421875 0.725 0.04375 0.187890625
6 0.38359375 0.13046875 0.061328125 0.114453125
5 0.625 0.571875 0.0375 0.184375
5 0.6734375 0.5015625 0.0375 0.14609375
3 0.5265625 0.50625 0.125 0.26875
5 0.6109375 0.59609375 0.059765625 0.160546875
5 0.5984375 0.7734375 0.06875 0.26015625
5 0.5859375 0.32265625 0.021484375 0.098046875
5 0.56875 0.3671875 0.025 0.109765625
5 0.6140625 0.71015625 0.044140625 0.142578125
5 0.54140625 0.31015625 0.020703125 0.091796875
5 0.63203125 0.52421875 0.034375 0.103125
5 0.72734375 0.47421875 0.0328125 0.125
5 0.40546875 0.60703125 0.039453125 0.1
5 0.58828125 0.35625 0.023046875 0.108984375
5 0.29609375 0.3625 0.030078125 0.087890625
5 0.1484375 0.88984375 0.06875 0.2203125
5 0.2296875 0.821875 0.05390625 0.224609375