3 0.090625 0.8296875 0.18125 0.3375
3 0.6703125 0.840625 0.20703125 0.31796875
3 0.39921875 0.784375 0.1890625 0.43125
3 0.221875 0.5421875 0.16328125 0.31015625
6 0.45078125 0.278125 0.11796875 0.26640625
3 0.5875 0.58515625 0.1296875 0.3
3 0.7015625 0.453125 0.11796875 0.20078125
3 0.29921875 0.4296875 0.096875 0.22578125
3 0.559375 0.34375 0.08125 0.14375
5 0.86875 0.77265625 0.0609375 0.20546875
5 0.90078125 0.884375 0.065625 0.23046875
5 0.6453125 0.3078125 0.03046875 0.11328125
3 0.3328125 0.27421875 0.0890625 0.23671875
3 0.56484375 0.44921875 0.090625 0.20703125
5 0.97109375 0.9203125 0.0578125 0.13125
5 0.83671875 0.65390625 0.04765625 0.115625
5 0.61484375 0.33671875 0.028125 0.1234375
5 0.678125 0.54609375 0.0453125 0.16015625
5 0.8484375 0.9234375 0.06015625 0.15234375
5 0.57734375 0.20546875 0.03203125 0.09765625
3 0.415625 0.553125 0.13515625 0.25859375
5 0.76328125 0.64296875 0.04453125 0.18203125
5 0.61484375 0.3125 0.021875 0.08359375
5 0.79453125 0.83515625 0.06484375 0.26953125
5 0.6984375 0.63203125 0.04765625 0.17421875
5 0.73046875 0.68984375 0.03125 0.103125