3 0.4640625 0.8734375 0.21015625 0.253125
3 0.21328125 0.8671875 0.191796875 0.262109375
3 0.40390625 0.61875 0.13125 0.268359375
3 0.25546875 0.634375 0.117578125 0.23828125
3 0.3625 0.440625 0.112890625 0.250390625
3 0.21953125 0.515625 0.0890625 0.172265625
5 0.0390625 0.88984375 0.065625 0.2203125
3 0.240625 0.32421875 0.062109375 0.088671875
5 0.45390625 0.34921875 0.030078125 0.1234375
5 0.396875 0.3015625 0.031640625 0.133984375
3 0.240625 0.41875 0.075 0.125390625
3 0.33359375 0.12421875 0.0203125 0.044921875