3 0.17109375 0.53671875 0.14140625 0.2453125
3 0.41953125 0.79296875 0.184375 0.4078125
3 0.0875 0.79140625 0.17421875 0.4140625
3 0.28671875 0.221875 0.05859375 0.10625
3 0.4 0.48671875 0.12421875 0.225
3 0.64921875 0.63203125 0.134375 0.3203125
3 0.55078125 0.334375 0.09140625 0.20078125
3 0.38359375 0.29609375 0.06875 0.134375
3 0.26953125 0.27890625 0.07421875 0.13984375
3 0.40859375 0.94609375 0.209375 0.10703125
3 0.1953125 0.378125 0.11640625 0.2015625
5 0.8421875 0.92109375 0.07265625 0.1515625
5 0.7171875 0.56171875 0.04453125 0.17578125
5 0.7734375 0.74609375 0.05625 0.24453125
3 0.390625 0.2265625 0.06796875 0.103125
5 0.1796875 0.9265625 0.0578125 0.140625
3 0.49609375 0.20234375 0.06484375 0.11328125
5 0.76640625 0.6296875 0.05546875 0.1640625
5 0.6859375 0.46484375 0.04296875 0.121875
5 0.4859375 0.4703125 0.04375 0.1765625
3 0.42109375 0.10625 0.03671875 0.06953125
5 0.53125 0.159375 0.02421875 0.09375
5 0.265625 0.38359375 0.03125 0.1078125
5 0.36640625 0.1234375 0.02109375 0.06640625
5 0.55703125 0.7921875 0.059375 0.30078125
5 0.615625 0.340625 0.03828125 0.128125
5 0.5671875 0.2265625 0.02421875 0.08046875
5 0.23828125 0.73828125 0.0609375 0.19453125
5 0.834375 0.84375 0.0734375 0.23984375
5 0.28671875 0.478125 0.04765625 0.16953125
5 0.45546875 0.3046875 0.0328125 0.12421875
5 0.4546875 0.15703125 0.025 0.0796875
5 0.33125 0.23046875 0.028125 0.0859375
5 0.21328125 0.83359375 0.0578125 0.20625
5 0.50390625 0.1296875 0.0203125 0.05078125
3 0.32734375 0.13515625 0.03828125 0.07734375
5 0.434375 0.14765625 0.0203125 0.07734375
5 0.39921875 0.04609375 0.01484375 0.04453125
5 0.496875 0.50078125 0.04453125 0.1421875
5 0.26796875 0.6359375 0.05703125 0.1859375
5 0.72578125 0.83203125 0.0734375 0.22890625
5 0.4828125 0.10859375 0.01796875 0.0515625
3 0.440625 0.01875 0.02578125 0.03671875
5 0.47265625 0.09140625 0.01640625 0.0421875
5 0.63828125 0.4375 0.03125 0.08203125
5 0.47578125 0.3109375 0.0296875 0.13125
5 0.475 0.10703125 0.015625 0.05078125
3 0.396875 0.34609375 0.0953125 0.11171875
3 0.36015625 0.04453125 0.0265625 0.04609375
5 0.584375 0.840625 0.084375 0.21875
5 0.3734375 0.1265625 0.02109375 0.0640625
5 0.45859375 0.34375 0.034375 0.10546875
5 0.6265625 0.4453125 0.03828125 0.07109375
3 0.4234375 0.01328125 0.01875 0.0265625
5 0.38046875 0.0890625 0.01875 0.0515625
5 0.44140625 0.146875 0.01875 0.08046875
5 0.4734375 0.40078125 0.03515625 0.12265625
5 0.43671875 0.0640625 0.0171875 0.03359375
5 0.6203125 0.984375 0.103125 0.03125
5 0.559375 0.51328125 0.03828125 0.12890625