3 0.0796875 0.72734375 0.15859375 0.39921875
5 0.790625 0.68125 0.06484375 0.21640625
3 0.046875 0.934375 0.09296875 0.13125
5 0.72265625 0.61484375 0.05390625 0.22109375
5 0.64453125 0.6484375 0.06015625 0.1734375
6 0.41953125 0.71953125 0.2140625 0.5546875
5 0.5859375 0.88671875 0.078125 0.21953125
5 0.5734375 0.6203125 0.0546875 0.1890625
5 0.55390625 0.46796875 0.05703125 0.1828125
3 0.8171875 0.86484375 0.11015625 0.2390625
5 0.7 0.92421875 0.07265625 0.1484375
5 0.68984375 0.9765625 0.07109375 0.04609375
5 0.2640625 0.79375 0.075 0.19375
5 0.67109375 0.77109375 0.06796875 0.20859375
5 0.15234375 0.8796875 0.0640625 0.2390625
5 0.16015625 0.759375 0.071875 0.22265625
5 0.78515625 0.59140625 0.0515625 0.16953125
5 0.2328125 0.37890625 0.053125 0.17265625
5 0.2734375 0.409375 0.040625 0.19296875
6 0.4203125 0.32578125 0.1234375 0.28359375
5 0.321875 0.13984375 0.02734375 0.103125
5 0.4796875 0.1671875 0.0375 0.1015625
5 0.47421875 0.10234375 0.02421875 0.09296875
5 0.4390625 0.115625 0.03046875 0.08984375
5 0.3609375 0.08203125 0.02734375 0.06640625
5 0.42890625 0.05703125 0.01796875 0.06640625
5 0.58046875 0.7625 0.06484375 0.2078125