3 0.6359375 0.82890625 0.212890625 0.341796875
3 0.38515625 0.52109375 0.148046875 0.189453125
3 0.478125 0.40078125 0.103125 0.191796875
5 0.109375 0.90859375 0.068359375 0.176953125
5 0.471875 0.81171875 0.071875 0.2296875
5 0.5515625 0.371875 0.041015625 0.14453125
3 0.73125 0.3828125 0.065234375 0.15390625
5 0.93515625 0.903125 0.055078125 0.19375
3 0.48203125 0.3046875 0.078125 0.11015625
5 0.7796875 0.9359375 0.059765625 0.128125
5 0.76796875 0.65078125 0.041796875 0.1625
5 0.8953125 0.8109375 0.055859375 0.25
3 0.73125 0.265625 0.05625 0.115625
3 0.53359375 0.259375 0.059375 0.115234375
5 0.7921875 0.43125 0.03359375 0.105859375
3 0.58203125 0.17734375 0.0390625 0.070703125
3 0.55859375 0.19765625 0.048828125 0.070703125
5 0.72421875 0.71953125 0.045703125 0.1484375
5 0.91328125 0.40859375 0.0265625 0.1234375
5 0.86796875 0.346875 0.021875 0.10546875
3 0.7125 0.20390625 0.040625 0.0640625
5 0.79296875 0.259375 0.0234375 0.0875
5 0.87421875 0.9203125 0.0703125 0.159375
5 0.853125 0.80234375 0.049609375 0.139453125
5 0.55546875 0.50390625 0.035546875 0.161328125
6 0.6359375 0.446875 0.13984375 0.43828125
5 0.70234375 0.65703125 0.0453125 0.158203125
5 0.7328125 0.54609375 0.04375 0.19375
5 0.45859375 0.92109375 0.065625 0.153125
3 0.65078125 0.21328125 0.051171875 0.048828125
5 0.1125 0.80390625 0.08046875 0.2234375
5 0.81875 0.5734375 0.041015625 0.141015625
5 0.8171875 0.72421875 0.05234375 0.184375
5 0.840625 0.5546875 0.0375 0.16875
6 0.27421875 0.8078125 0.285546875 0.37265625
5 0.7703125 0.546875 0.031640625 0.0875
5 0.7734375 0.7921875 0.0625 0.203515625