3 0.1078125 0.82578125 0.215625 0.3484375
3 0.24296875 0.52421875 0.138671875 0.254296875
3 0.33359375 0.828125 0.2015625 0.33828125
3 0.39453125 0.59765625 0.133203125 0.2890625
6 0.46171875 0.30546875 0.108203125 0.280078125
3 0.3078125 0.3875 0.09140625 0.20703125
3 0.42109375 0.446875 0.1015625 0.16171875
3 0.38203125 0.18984375 0.0578125 0.092578125
5 0.25 0.65078125 0.056640625 0.207421875
3 0.51484375 0.08125 0.0296875 0.058984375
3 0.41640625 0.0703125 0.034375 0.05859375
3 0.38828125 0.11796875 0.0359375 0.04375
3 0.39375 0.14765625 0.04375 0.0578125
5 0.48828125 0.07578125 0.0171875 0.0421875
3 0.346875 0.296875 0.080859375 0.162890625
5 0.46484375 0.08046875 0.017578125 0.0515625
5 0.43671875 0.1171875 0.0203125 0.059375
5 0.5453125 0.3234375 0.037890625 0.124609375
5 0.58515625 0.25546875 0.0328125 0.10625
3 0.64609375 0.365625 0.090625 0.18203125
5 0.55390625 0.159375 0.026953125 0.065234375