3 0.11953125 0.76875 0.18515625 0.37109375
3 0.3390625 0.7609375 0.20078125 0.37421875
3 0.61328125 0.4671875 0.07734375 0.134375
3 0.5640625 0.37578125 0.06796875 0.17421875
3 0.5484375 0.29921875 0.05859375 0.1140625
3 0.5328125 0.228125 0.04375 0.059375
3 0.51953125 0.20703125 0.053125 0.059375
3 0.47578125 0.14296875 0.0359375 0.0828125
3 0.51015625 0.15390625 0.0484375 0.05859375
3 0.31796875 0.4421875 0.07734375 0.17265625
3 0.2375 0.5375 0.1078125 0.24453125
3 0.328125 0.321875 0.090625 0.14140625
3 0.79765625 0.85703125 0.2296875 0.28515625
2 0.5703125 0.1203125 0.06015625 0.16015625
6 0.38671875 0.1453125 0.12109375 0.25078125
6 0.4375 0.49453125 0.159375 0.3609375
6 0.6609375 0.6796875 0.19296875 0.46484375
3 0.371875 0.2578125 0.05703125 0.09921875
3 0.50703125 0.059375 0.03125 0.04921875
3 0.4796875 0.090625 0.0296875 0.0578125
3 0.4625 0.04453125 0.0171875 0.034375
6 0.51328125 0.01953125 0.08203125 0.0390625
5 0.91875 0.68046875 0.0546875 0.1984375
5 0.76171875 0.45078125 0.0625 0.14609375
5 0.8046875 0.5671875 0.05390625 0.14453125
5 0.7546875 0.6671875 0.02890625 0.12890625
5 0.58125 0.93046875 0.10625 0.1390625
5 0.2375 0.91953125 0.09921875 0.1609375
5 0.1640625 0.47890625 0.06328125 0.1703125
5 0.20078125 0.41484375 0.04296875 0.12265625
5 0.2171875 0.3796875 0.02734375 0.08828125
5 0.2421875 0.3546875 0.03671875 0.11640625
5 0.2765625 0.29375 0.04765625 0.09609375
5 0.2890625 0.23046875 0.03125 0.08125
5 0.8796875 0.82578125 0.06015625 0.11484375
5 0.9125 0.92421875 0.06171875 0.1515625
5 0.83359375 0.709375 0.04921875 0.1453125