3 0.3378356109375 0.6047993359375 0.33864537031249997 0.66071884375 0.337430728125 0.8100185015625 0.4580850953125 0.8013319750000001 0.4597046171875 0.69003586875 0.4386508359375 0.578739759375 0.42528978124999994 0.5494227375 0.35281618593749997 0.555394721875 0.3378356109375 0.6047993359375
3 0.2301374171875 0.401751803125 0.22446909062499998 0.44844187812499997 0.221634928125 0.555394721875 0.3026110125 0.5461652890625001 0.3026110125 0.44844187812499997 0.29896708906249997 0.39849435781250003 0.2904646 0.3642911625 0.238235025 0.368634425 0.2301374171875 0.401751803125
5 0.4127384875 0.5439936578125 0.4188116953125 0.514676634375 0.4180019328125 0.4978464921875 0.4184068140625 0.4430128 0.4046408796875 0.41369577656249995 0.396138390625 0.396322725 0.386826140625 0.4310688265625 0.3852066203125 0.4554996796875 0.3827773359375 0.49947521562499997 0.39168470625 0.52227734375 0.40099695625000004 0.5467081984375 0.4127384875 0.5439936578125
5 0.4313629875 0.361033715625 0.42367026093750004 0.382207121875 0.42002633593749994 0.4245539328125 0.42002633593749994 0.45278514062499997 0.426909303125 0.48861705781250003 0.43743619375 0.520648621875 0.448367965625 0.4940461359375 0.45241677031250005 0.4392124453125 0.45282165 0.4234681171875 0.44391428125 0.3946940015625 0.4398654765625 0.3767780421875 0.4313629875 0.361033715625
5 0.42275220625000004 0.376025178125 0.44015003750000004 0.377253015625 0.44129463125 0.34072485625 0.43717409218750003 0.3305951984375 0.44083679374999996 0.3312091171875 0.44312598124999997 0.318009865625 0.4348849046875 0.30174102187499996 0.43396922812499994 0.2919183234375 0.429619771875 0.2897696078125 0.4243546375 0.29345311875 0.4243546375 0.30266190000000004 0.4147400484375 0.3220003359375 0.4165713984375 0.33458566875 0.42183653125 0.336120465625 0.42275220625000004 0.376025178125
3 0.334136834375 0.3690180234375 0.3891768109375 0.3690180234375 0.3926478 0.3178209265625 0.3782679859375 0.26063975625 0.338599534375 0.2593099609375 0.3351285453125 0.3071825703125 0.334136834375 0.3690180234375
6 0.24962253125 0.2488312015625 0.2441323234375 0.2738615578125 0.24339525156250003 0.3397625390625 0.2942762234375 0.339136803125 0.300864471875 0.3082169515625 0.297204334375 0.24146933124999997 0.2880539859375 0.221837678125 0.2514526 0.2213468859375 0.24962253125 0.2488312015625
3 0.32501388750000004 0.24792789218750003 0.323954921875 0.29762706875 0.32289595625 0.318926715625 0.33454457656250003 0.31949470625 0.338145059375 0.259003709375 0.3760560234375 0.259003709375 0.362501265625 0.23117217031249998 0.33136767968749997 0.23032018281250002 0.32501388750000004 0.24792789218750003
3 0.3620776796875 0.23060417812499998 0.37012581718750004 0.24480394374999997 0.3699140234375 0.2240722875 0.36377202343750004 0.1916968234375 0.3349681625 0.18942486249999999 0.32903795625 0.20987252343749999 0.33052050781250003 0.22861621250000003 0.3620776796875 0.23060417812499998
3 0.268888715625 0.192264815625 0.26168775 0.20504460156249998 0.2574518875 0.221232334375 0.288797265625 0.21952836250000002 0.2976925765625 0.2436679625 0.299175128125 0.21328046562499997 0.29027981875000003 0.1928328046875 0.268888715625 0.192264815625
3 0.3188718875 0.1615933234375 0.314636025 0.1848809359375 0.3152714046875 0.22038034843749998 0.32967333593750003 0.22236831562499998 0.327978990625 0.21100850312500002 0.33475636875000003 0.1860169171875 0.348522921875 0.1834609609375 0.34322809374999996 0.161309328125 0.3188718875 0.1615933234375
3 0.3650427828125 0.1573333921875 0.36546636875 0.201636659375 0.399353265625 0.2013526640625 0.3997768515625 0.1658532515625 0.395117403125 0.1462575765625 0.3887636109375 0.13887370000000002 0.36970223125 0.140293675 0.3650427828125 0.1573333921875
3 0.34343988593749997 0.1604596140625 0.3478875421875 0.1783490453125 0.35424133593749996 0.17721306406249998 0.35381774843749997 0.1513694921875 0.3491583 0.1323440796875 0.3288261625 0.13348005937500002 0.3252256796875 0.15932363125 0.34343988593749997 0.1604596140625
3 0.288797265625 0.1726714109375 0.3152714046875 0.171819425 0.3159067828125 0.13830798125 0.3131534734375 0.1266641734375 0.2947274734375 0.12723216406249999 0.29049161093750003 0.1479638203125 0.288797265625 0.1726714109375
2 0.28817300156250003 0.9999878375 0.2973664828125 0.7976697765625 0.2638373140625 0.6258081984375 0.1508115625 0.6229075796875 0.06590705 0.9180453984374999 0.0610399109375 0.9999878375 0.28817300156250003 0.9999878375
3 0.2922535828125 0.12562946875 0.31770560625 0.12739475312499998 0.3146338109375 0.1053286890625 0.30037190156250004 0.104740259375 0.29378948125000004 0.11386090156249999 0.2922535828125 0.12562946875