3 0.51953125 0.86796875 0.1828125 0.263671875
3 0.2859375 0.8515625 0.16875 0.294140625
3 0.1984375 0.53671875 0.112109375 0.1890625
3 0.16953125 0.70546875 0.136328125 0.295703125
3 0.23515625 0.4140625 0.086328125 0.155859375
5 0.91953125 0.93046875 0.0625 0.133203125
3 0.340625 0.52734375 0.094140625 0.217578125
5 0.85625 0.875 0.06875 0.25
3 0.33828125 0.31015625 0.054296875 0.109375
5 0.659375 0.6671875 0.05703125 0.19765625
5 0.3171875 0.69296875 0.04609375 0.126171875
5 0.43671875 0.4078125 0.033203125 0.125390625
5 0.1078125 0.92734375 0.071875 0.1453125
5 0.2734375 0.48203125 0.033984375 0.1328125
3 0.340625 0.23984375 0.04921875 0.0625
5 0.546875 0.47578125 0.044140625 0.1140625
5 0.559375 0.62109375 0.04375 0.191796875
5 0.41640625 0.79453125 0.059375 0.265625
5 0.5140625 0.55 0.02890625 0.131640625
5 0.30234375 0.6328125 0.040625 0.13125
5 0.31796875 0.39140625 0.0265625 0.126953125
5 0.78046875 0.721875 0.046875 0.112890625
5 0.8078125 0.6328125 0.043359375 0.143359375
5 0.6640625 0.86796875 0.0625 0.248828125
5 0.71171875 0.78515625 0.0453125 0.1828125
5 0.478125 0.4734375 0.027734375 0.121875
5 0.28359375 0.29375 0.032421875 0.112109375
3 0.3703125 0.38984375 0.05859375 0.1625
5 0.4203125 0.31640625 0.025390625 0.1109375
5 0.30703125 0.14140625 0.023046875 0.057421875
5 0.309375 0.39375 0.028125 0.130859375
5 0.36484375 0.14765625 0.023046875 0.051953125
5 0.40546875 0.37421875 0.0234375 0.184375
3 0.34453125 0.2671875 0.0515625 0.037890625
3 0.4359375 0.64453125 0.121875 0.204296875