6 0.27109375 0.77109375 0.32734375 0.44609375
3 0.77578125 0.59375 0.13203125 0.27109375
3 0.865625 0.4890625 0.090625 0.19765625
3 0.484375 0.325 0.0875 0.159375
3 0.8265625 0.884375 0.178125 0.2265625
6 0.628125 0.47578125 0.1375 0.40078125
3 0.5609375 0.22421875 0.06484375 0.11171875
3 0.38828125 0.4796875 0.11640625 0.16640625
6 0.73671875 0.309375 0.08203125 0.28125
5 0.90390625 0.80625 0.059375 0.21875
5 0.95 0.7796875 0.04609375 0.25390625
6 0.6515625 0.11640625 0.034375 0.0671875
6 0.71484375 0.13515625 0.04296875 0.0703125
5 0.9734375 0.95234375 0.05 0.0953125
6 0.72265625 0.17109375 0.06015625 0.0609375
3 0.65546875 0.1828125 0.0515625 0.08515625
3 0.6 0.1375 0.0171875 0.06015625
6 0.57578125 0.1265625 0.06015625 0.09296875
5 0.48828125 0.9375 0.090625 0.125
5 0.809375 0.42265625 0.03125 0.11640625
1 0.82421875 0.29921875 0.1078125 0.20703125