3 0.25027239687499997 0.702201703125 0.2296912828125 0.7720068984374999 0.23090193750000002 0.80285105625 0.22242736093749998 0.8531757296875 0.22242736093749998 0.919734171875 0.235139225 0.9351562484375 0.24482445468749997 0.9351562484375 0.24300847499999997 0.92785105625 0.25087772343750003 0.9221692359375 0.2593523 0.933532871875 0.3126467984375 0.9453125 0.314879690625 0.9453125 0.3362288140625 0.926227678125 0.341071428125 0.9018770296874999 0.35559927343750003 0.8807731328124999 0.368916465625 0.84181209375 0.399182809375 0.8288250796875 0.3919188859375 0.8223315734375 0.399182809375 0.814214690625 0.39555084687500003 0.7996043015625001 0.411289346875 0.794734171875 0.399182809375 0.7882406640624999 0.40281477031249996 0.7720068984374999 0.4118946734375 0.764701703125 0.40402542343750003 0.78012378125 0.41855326875000004 0.7882406640624999 0.413710653125 0.7931107953125001 0.4161319609375 0.801227678125 0.40220944375 0.8231432625 0.41794794218750003 0.81664975625 0.4270278453125 0.7849939109374999 0.433686440625 0.7858056 0.4379237296875 0.7785004046874999 0.45 0.6136243765625 0.45 0.5879926484375 0.4403450359375 0.520383521875 0.43489709374999996 0.514701703125 0.351504378125 0.496875 0.3512333515625 0.496875 0.330780871875 0.501714690625 0.2841707015625 0.588565340625 0.25874697343749997 0.669734171875 0.2424031484375 0.6689224828125 0.238165859375 0.6746043015625001 0.25027239687499997 0.702201703125
6 0.36792145781249996 0.3449269484375 0.3558149203125 0.393628246875 0.3497616515625 0.44395292187499996 0.3394710953125 0.4674918828125 0.329785865625 0.4609983765625 0.3291805390625 0.46830357187500005 0.3394710953125 0.4707386359375 0.349156325 0.49346590937499996 0.4230062046875 0.5048295453125 0.440560684375 0.518628246875 0.4526672203125 0.5949269484374999 0.45145656875 0.6355113640625001 0.45368114375 0.6375 0.45626135 0.6375 0.46114179687499995 0.6322646109375001 0.49261879531249997 0.4829139609375 0.498672065625 0.400121753125 0.503125 0.3810146109375 0.503125 0.31191657031250003 0.5023040265625001 0.2799918828125 0.49201346875 0.27106331250000004 0.4060570515625 0.2548295453125 0.396371821875 0.2613230515625 0.370342765625 0.299472403125 0.36792145781249996 0.3449269484375
3 0.581634003125 0.6369622578125 0.567106159375 0.680793425 0.5489463515625 0.7684557640625 0.5271545843750001 0.7733258921874999 0.5295758921875 0.7879362828125 0.5404717765625 0.8009232953125001 0.5404717765625 0.815533684375 0.521101315625 0.9048193984375 0.5126267390625 0.9892349828125001 0.5247687828125 0.9984375 0.7034938656249999 0.9984375 0.70754199375 0.997351865625 0.70754199375 0.94865056875 0.7026993796875 0.9113129046875 0.6966461109375001 0.8983258921875 0.69543545625 0.8512479703125001 0.7109375 0.8112732953125 0.7109375 0.8104786015625001 0.6966461109375001 0.79929991875 0.694224803125 0.7132609578125 0.68332891875 0.6515726453124999 0.668195746875 0.62478693125 0.5991884828125 0.613423296875 0.581634003125 0.6369622578125
6 0.599513846875 0.36603084375 0.58256469375 0.52836850625 0.57045815625 0.5299918828125 0.5716688109375 0.54135551875 0.5837753484375 0.5575892859375 0.58256469375 0.6241477265625 0.5868019828125 0.62820616875 0.6025404812499999 0.6103490265625 0.6691264375 0.6233360390625 0.6794169937500001 0.6322646109375001 0.6923953109375 0.6765625 0.693309246875 0.6765625 0.6975768015625 0.667978896875 0.7048407234375 0.5981737015624999 0.7125 0.46319139062500003 0.7125 0.44117035 0.7060513765625 0.38064123437499997 0.6975768015625 0.3579139609375 0.681232975 0.3457386359375 0.6134363656249999 0.34086850625 0.6031458078124999 0.3514204546875 0.599513846875 0.36603084375
3 0.7289629984375 0.5806006484374999 0.722304403125 0.5635551953125 0.7168564609375 0.565990259375 0.7144351531249999 0.5854707796875 0.726541690625 0.590340909375 0.7289629984375 0.606574675 0.7386320859375 0.728125 0.738827075 0.728125 0.746517478125 0.71939935 0.7888903593750001 0.7275162328125 0.8288419328125001 0.7275162328125 0.835500528125 0.721834415625 0.834289875 0.7088474031249999 0.8427644515624999 0.684496753125 0.84034314375 0.6114448046875001 0.84375 0.5992627125000001 0.84375 0.5981559468750001 0.8379218359375 0.590340909375 0.8209726843749999 0.5043019484375 0.80826081875 0.4823863640625 0.7549920546875 0.47264610312500005 0.7362269203125 0.5189123375 0.7289629984375 0.5806006484374999
5 0.5109375 0.671875 0.059765625 0.253515625
5 0.75859375 0.86875 0.0703125 0.2625
5 0.925 0.8828125 0.056640625 0.234375
5 0.840625 0.8671875 0.08125 0.265625
5 0.86953125 0.7578125 0.0453125 0.224609375
5 0.89375 0.61328125 0.06796875 0.2140625
5 0.9125 0.5125 0.05 0.16328125
5 0.8375 0.49140625 0.046875 0.154296875
5 0.73671875 0.44921875 0.041796875 0.136328125
5 0.80234375 0.3984375 0.030078125 0.137109375
5 0.84296875 0.38515625 0.030078125 0.1265625
5 0.54453125 0.49609375 0.05 0.1515625
5 0.5640625 0.359375 0.037890625 0.146875
5 0.59140625 0.25703125 0.032421875 0.098828125
5 0.60234375 0.19921875 0.016796875 0.0828125
5 0.65078125 0.22578125 0.020703125 0.091796875
5 0.69375 0.24140625 0.015625 0.070703125
5 0.69765625 0.28984375 0.023828125 0.0796875
5 0.7609375 0.37421875 0.034765625 0.126953125
5 0.75078125 0.3234375 0.032421875 0.103125
5 0.740625 0.28515625 0.02578125 0.0875
5 0.728125 0.23359375 0.01953125 0.086328125
5 0.746875 0.22265625 0.01953125 0.0765625
5 0.6984375 0.178125 0.01875 0.04921875
3 0.50474425 0.3741578734375 0.5114620421875 0.3859375 0.521843471875 0.3859375 0.524114709375 0.3676643671875 0.5325892859375 0.353053978125 0.534375 0.3378889359375 0.534375 0.2875507296875 0.5325892859375 0.2540280046875 0.525930690625 0.23860592656250001 0.49082173124999995 0.2353591734375 0.469635290625 0.2621448875 0.5023229421875001 0.2767552765625 0.50474425 0.3741578734375