3 0.19140625 0.465625 0.119921875 0.278125
3 0.10703125 0.678125 0.165625 0.31875
3 0.2640625 0.34296875 0.096484375 0.20625
3 0.51796875 0.23203125 0.0640625 0.11875
3 0.4390625 0.2875 0.084765625 0.112890625
5 0.190625 0.7828125 0.065625 0.233984375
5 0.53515625 0.540625 0.054296875 0.215625
3 0.39921875 0.159375 0.053125 0.07578125
6 0.40625 0.68671875 0.209765625 0.444921875
5 0.50390625 0.28359375 0.032421875 0.1046875
5 0.290625 0.52109375 0.050390625 0.176171875
3 0.40078125 0.20546875 0.061328125 0.086328125
3 0.40546875 0.265625 0.0609375 0.11796875
5 0.26484375 0.8765625 0.0765625 0.243359375
5 0.709375 0.40078125 0.03671875 0.123046875
3 0.29375 0.23828125 0.06328125 0.1265625
5 0.740625 0.48828125 0.044140625 0.1296875
5 0.6296875 0.2859375 0.028515625 0.118359375
3 0.40703125 0.115625 0.042578125 0.066015625
3 0.47265625 0.1359375 0.0484375 0.1
5 0.5859375 0.9296875 0.091015625 0.140625
5 0.35078125 0.2703125 0.035546875 0.1
3 0.30390625 0.17421875 0.054296875 0.082421875
5 0.6859375 0.346875 0.034765625 0.131640625
5 0.79453125 0.58671875 0.067578125 0.190625
3 0.40078125 0.07109375 0.040625 0.0546875
5 0.553125 0.184375 0.02421875 0.06875
5 0.51875 0.128125 0.015625 0.065625
5 0.671875 0.346875 0.03671875 0.13203125
3 0.46953125 0.10859375 0.0484375 0.05625
3 0.690625 0.74921875 0.187109375 0.4734375
5 0.56875 0.24375 0.03203125 0.090234375
5 0.5265625 0.36171875 0.037109375 0.098828125
5 0.55546875 0.27578125 0.036328125 0.084375
5 0.45234375 0.18046875 0.0265625 0.09375
5 0.59296875 0.28046875 0.025 0.095703125
5 0.84296875 0.93359375 0.075 0.1328125
5 0.46484375 0.190625 0.020703125 0.07578125
5 0.45078125 0.04375 0.01875 0.06796875
5 0.2484375 0.5671875 0.04609375 0.13359375
5 0.6421875 0.38671875 0.03359375 0.1
5 0.5609375 0.23203125 0.027734375 0.073046875
3 0.32890625 0.10859375 0.045703125 0.078125
5 0.56171875 0.20703125 0.028125 0.04375
3 0.415625 0.0421875 0.03671875 0.083984375
5 0.57890625 0.86796875 0.046875 0.175
5 0.67734375 0.48359375 0.0328125 0.076953125
5 0.6015625 0.5046875 0.037890625 0.146484375
5 0.56875 0.4625 0.034765625 0.15703125
5 0.62265625 0.45390625 0.029296875 0.13125
5 0.675 0.4375 0.03203125 0.102734375
5 0.60625 0.3875 0.040234375 0.087109375
5 0.57265625 0.37109375 0.038671875 0.103125
5 0.5265625 0.40625 0.034765625 0.10546875
5 0.78671875 0.7328125 0.073046875 0.249609375