3 0.2015625 0.64375 0.16796875 0.36328125
3 0.41328125 0.7078125 0.1640625 0.3921875
3 0.5921875 0.5546875 0.11953125 0.27421875
6 0.4453125 0.25234375 0.11640625 0.2078125
3 0.43203125 0.471875 0.13515625 0.27109375
3 0.25703125 0.4390625 0.11484375 0.20078125
5 0.9140625 0.84609375 0.059375 0.2390625
3 0.55546875 0.3328125 0.07265625 0.16171875
5 0.3234375 0.909375 0.08125 0.18125
5 0.9640625 0.9015625 0.05546875 0.190625
5 0.62265625 0.8875 0.06953125 0.21953125
6 0.31015625 0.3 0.15546875 0.3
3 0.78046875 0.79921875 0.20703125 0.40078125
5 0.43515625 0.92890625 0.071875 0.13515625
6 0.5671875 0.23046875 0.07265625 0.11953125
5 0.62265625 0.24453125 0.02890625 0.07890625
5 0.66640625 0.43671875 0.0359375 0.134375
5 0.6609375 0.35859375 0.03203125 0.1171875
5 0.63828125 0.28203125 0.02578125 0.07890625
5 0.553125 0.925 0.0890625 0.14609375
5 0.56015625 0.39140625 0.03203125 0.09140625
5 0.67421875 0.66875 0.04296875 0.1984375
5 0.6015625 0.37890625 0.04453125 0.1015625
5 0.1359375 0.84453125 0.059375 0.2421875
5 0.68046875 0.94453125 0.07890625 0.1109375
5 0.521875 0.81328125 0.05234375 0.20078125
5 0.721875 0.546875 0.0390625 0.115625
5 0.7109375 0.59296875 0.04453125 0.13046875
5 0.08515625 0.8546875 0.04921875 0.21953125
5 0.6125 0.33671875 0.02734375 0.08828125
3 0.4234375 0.115625 0.04609375 0.07734375
3 0.5171875 0.21875 0.0359375 0.096875
6 0.48125 0.10859375 0.05859375 0.10859375
5 0.0375 0.9296875 0.075 0.140625
5 0.625 0.70390625 0.06953125 0.2359375
5 0.67265625 0.55625 0.05078125 0.1515625
5 0.796875 0.54453125 0.05 0.16640625