3 0.1734375 0.68359375 0.196875 0.3890625
3 0.49140625 0.83359375 0.208203125 0.323828125
3 0.25 0.471875 0.115625 0.208984375
3 0.48515625 0.553125 0.13125 0.284765625
3 0.30546875 0.3265625 0.0859375 0.174609375
3 0.59296875 0.43828125 0.1 0.2046875
3 0.640625 0.621875 0.14453125 0.325390625
3 0.690625 0.39765625 0.087109375 0.1671875
3 0.5515625 0.3375 0.06875 0.15
6 0.4578125 0.36796875 0.112890625 0.283203125
3 0.528125 0.24765625 0.05078125 0.101171875
5 0.828125 0.728125 0.049609375 0.202734375
5 0.77109375 0.5546875 0.038671875 0.171875
3 0.6125 0.22265625 0.05 0.0953125
3 0.51171875 0.18671875 0.0453125 0.095703125
3 0.4015625 0.14140625 0.04140625 0.073828125
3 0.45078125 0.14296875 0.042578125 0.0578125
5 0.9578125 0.87421875 0.07109375 0.2515625
5 0.6828125 0.4671875 0.034375 0.1125
3 0.46328125 0.10078125 0.041796875 0.065625
5 0.6984375 0.8984375 0.087109375 0.199609375
3 0.4109375 0.10390625 0.03359375 0.0421875
3 0.45 0.18515625 0.053125 0.075
3 0.51875 0.1234375 0.033984375 0.06640625
6 0.340625 0.22109375 0.083984375 0.14375
5 0.80234375 0.628125 0.044921875 0.162109375
3 0.3828125 0.1625 0.03984375 0.06953125
5 0.73046875 0.5359375 0.039453125 0.137890625
5 0.76328125 0.65 0.051953125 0.18125
5 0.6296875 0.31953125 0.03359375 0.091796875
5 0.8828125 0.909375 0.084375 0.18125
5 0.7703125 0.8359375 0.07109375 0.249609375
5 0.78671875 0.93046875 0.0640625 0.1390625