5 0.10703125 0.921875 0.144921875 0.155859375
5 0.86875 0.821875 0.102734375 0.28671875
5 0.78203125 0.51171875 0.0734375 0.1796875
5 0.7109375 0.34609375 0.062109375 0.1609375
5 0.63515625 0.19921875 0.0296875 0.0828125
5 0.7 0.18984375 0.031640625 0.08125
5 0.64921875 0.11875 0.01875 0.05546875
5 0.665625 0.121875 0.018359375 0.05703125
3 0.634375 0.6578125 0.165234375 0.359765625
3 0.62109375 0.875 0.228125 0.25
3 0.4203125 0.42734375 0.116015625 0.251953125
3 0.5 0.3640625 0.084375 0.196484375