3 0.4582152671875 0.8013650953125 0.459375 0.721666496875 0.459375 0.6876384078125 0.438781009375 0.578772878125 0.42566794375 0.55 0.41881644375000004 0.55 0.352946359375 0.555427840625 0.337965784375 0.6048324546875 0.33877554375 0.6607519625 0.33756640625 0.809375 0.34695904375 0.809375 0.4582152671875 0.8013650953125
3 0.22128903906250003 0.5546875 0.23156841093749997 0.5546875 0.3015625 0.546709765625 0.3015625 0.4397057578125 0.298590059375 0.3989623 0.2900875703125 0.3647591046875 0.23785799531250001 0.3691023671875 0.2297603875 0.4022197453125 0.22409206093749998 0.4489098203125 0.22128903906250003 0.5546875
5 0.3852198859375 0.455140140625 0.3828125 0.498719265625 0.3828125 0.49917173437500006 0.391697971875 0.5219178046875 0.400615271875 0.5453125 0.40549204687499996 0.5453125 0.41275175312499995 0.54363411875 0.41875 0.5146789515625 0.41875 0.512759103125 0.41801519843749996 0.497486953125 0.41842007968750006 0.4426532609375 0.4046541453125 0.4133362375 0.39615165625 0.3959631859375 0.38683940625 0.43070928750000004 0.3852198859375 0.455140140625
5 0.41973157812500006 0.453001309375 0.4266145453125 0.48883322656250006 0.43695993125 0.5203125 0.43736838906250003 0.5203125 0.44807320781250004 0.4942623046875 0.4515625 0.44700621093750004 0.4515625 0.42056894062500005 0.4436195234375 0.39491017031250003 0.4395707203125 0.3769942109375 0.43106823125 0.361249884375 0.4233755046875 0.38242329062499997 0.41973157812500006 0.4247701015625 0.41973157812500006 0.453001309375
5 0.43399599218749996 0.2926171359375 0.42964653750000004 0.2904684203125 0.42438140312500006 0.29415193125 0.42438140312500006 0.3033607125 0.4147668140625 0.3226991484375 0.41659816406249994 0.33528448125 0.4218632953125 0.336819278125 0.422775265625 0.3765625 0.4402203375 0.3765625 0.441321396875 0.34142366874999996 0.43720085781250007 0.3312940109375 0.4408635578125 0.3319079296875 0.4431527453125 0.31870867812500003 0.43491167031250005 0.302439834375 0.43399599218749996 0.2926171359375
3 0.38931292968750003 0.36875 0.3921875 0.32635008593750003 0.3921875 0.3156503828125 0.37837905312500003 0.2607412484375 0.3387106015625 0.25941145312499997 0.3352396125 0.3072840625 0.334375 0.3611946359375 0.334375 0.36875 0.38931292968750003 0.36875
6 0.3 0.30213748281249997 0.296677946875 0.24155529375 0.2875275984375 0.22192364062499997 0.28390016875 0.221875 0.25089677187500004 0.221875 0.24909614375000003 0.2489171640625 0.24360593593750002 0.2739475203125 0.2428776546875 0.3390625 0.293783984375 0.3390625 0.3 0.30988960625 0.3 0.30213748281249997
3 0.334105884375 0.31875 0.33762105 0.25969240312499997 0.375 0.25969240312499997 0.375 0.2586000359375 0.36197725625 0.2318608640625 0.33084366875 0.231008878125 0.32448987812499996 0.2486165875 0.3234309125 0.2983157640625 0.32241497343750003 0.31875 0.334105884375 0.31875
3 0.36875 0.2430411171875 0.36875 0.220067375 0.3633539109375 0.19162372656249999 0.33455005 0.189351765625 0.32861984375 0.2097994265625 0.3301023953125 0.22854311562500002 0.3616595671875 0.23053108125000002 0.36875 0.2430411171875
3 0.2889857734375 0.21952600156250002 0.2973364125 0.2421875 0.2979531984375 0.2421875 0.2984375 0.2322608859375 0.2984375 0.21114919531249998 0.2904683265625 0.19283044375 0.26907722343749996 0.1922624546875 0.2618762578125 0.205042240625 0.2578125 0.220572259375 0.2578125 0.22122061718750002 0.2889857734375 0.21952600156250002
3 0.3298647109375 0.221875 0.32830846406249997 0.21144107499999998 0.3350858421875 0.1864494890625 0.3484375 0.1839705640625 0.3484375 0.1821577625 0.3435575671875 0.1617419 0.3192013609375 0.1620258953125 0.3149654984375 0.1853135078125 0.31560087812500004 0.2208129203125 0.32329516875 0.221875 0.3298647109375 0.221875
3 0.3650485859375 0.2 0.3984375 0.2 0.3984375 0.16185669687499998 0.3947147203125 0.14620025625 0.388360928125 0.1388163796875 0.3692995484375 0.1402363546875 0.3646401 0.15727607187499998 0.3650485859375 0.2
3 0.347363509375 0.1765625 0.353125 0.1765625 0.353125 0.14886882031249998 0.34904805781250003 0.1322218921875 0.32871592031249997 0.13335787187499998 0.3251154375 0.15920144375 0.34332964375 0.1603374265625 0.347363509375 0.1765625
3 0.3032299296875 0.171875 0.315279678125 0.17148721718749999 0.315625 0.153274071875 0.315625 0.13674911875 0.3131617484375 0.126331965625 0.294735746875 0.12689995625 0.2904998859375 0.1476316125 0.2890625 0.16859210468750002 0.2890625 0.171875 0.3032299296875 0.171875
2 0.296875 0.8147494609375 0.296875 0.79335745625 0.26413426093750003 0.62553715625 0.151108509375 0.6226365375 0.066203996875 0.91777435625 0.06141284375 0.9984375 0.28852808125 0.9984375 0.296875 0.8147494609375
3 0.310882240625 0.1265625 0.3171875 0.1265625 0.3171875 0.1212359765625 0.31492590468750004 0.10498994531250001 0.300663996875 0.104401515625 0.2940815765625 0.1135221578125 0.29254567656249997 0.125290725 0.310882240625 0.1265625