2 0.29921875 0.6890625 0.1890625 0.484375
3 0.5381753171875 0.88539975625 0.53454335625 0.904880275 0.51638355 0.929230925 0.49822374375 0.9941659890625001 0.5004991249999999 0.9984375 0.6640625 0.9984375 0.6640625 0.95841583125 0.65560873125 0.9438413140625 0.644107521875 0.8845880671874999 0.6235264078125 0.8764711843749999 0.5520978359375001 0.866730925 0.5381753171875 0.88539975625
3 0.579352678125 0.5385754875 0.5726940828125 0.547504059375 0.55211296875 0.6221793828125 0.544849046875 0.6806209421875 0.5381904515625 0.69441964375 0.52366260625 0.6879261375 0.5170040109375 0.7001014609375 0.5170040109375 0.7098417218749999 0.5315318546875 0.722828734375 0.5242679328125 0.748802759375 0.5182146640624999 0.816984578125 0.51579335625 0.9127637984374999 0.5191415703125 0.91875 0.519803646875 0.91875 0.532742509375 0.9014001625000001 0.5466650265624999 0.8648741890625 0.6289894828125 0.872991071875 0.6550185374999999 0.8932832796874999 0.65259723125 0.87055600625 0.6610718062500001 0.8608157468750001 0.6683357296875 0.829971590625 0.6634931140625 0.7991274359375 0.6816529203125 0.7926339296875 0.6816529203125 0.7747767859375 0.6634931140625 0.7650365265625 0.6653090953125 0.7561079546875 0.6804422671875 0.7439326296875 0.6828125 0.7248630328125001 0.6828125 0.7243973218749999 0.6707570375 0.7114650984375 0.6707570375 0.628672890625 0.6628877875 0.55805600625 0.639885365625 0.5466923703125001 0.5999337921875 0.5385754875 0.579352678125 0.5385754875
3 0.5506431609375 0.546185065625 0.5506431609375 0.590016234375 0.5545929171874999 0.5953125 0.5560810140625 0.5953125 0.56517100625 0.5770292203125 0.5700136203125 0.54943181875 0.5827254859375001 0.53725649375 0.6481007875 0.5486201296875 0.6656552671875 0.5607954546875 0.671103209375 0.5827110390625 0.6801831125 0.5770292203125 0.6777618046875 0.5543019484375 0.690625 0.3616950921875 0.690625 0.31157813437500004 0.6880523625 0.2726461046875 0.598463984375 0.253165584375 0.5912000609375 0.253165584375 0.584541465625 0.2637175328125 0.5627496984375 0.328652596875 0.5506431609375 0.546185065625
3 0.72056598125 0.5953429375 0.725408596875 0.6196935859375 0.7145127125 0.6310572234375 0.72056598125 0.653784496875 0.7169340203125001 0.7089793015625 0.7193553265625 0.7755377421875 0.7066434640625 0.7844663140625 0.7018008484375 0.7747260546875 0.6987742140625001 0.785278003125 0.70059019375 0.79582995 0.7139073859375 0.79582995 0.7157233656249999 0.78203125 0.7193553265625 0.7836546249999999 0.72056598125 0.835602678125 0.7108807515625 0.8453429375000001 0.7108807515625 0.8632000812499999 0.8112477796875 0.865625 0.8455380640625 0.865625 0.8610018171875 0.8193689109375001 0.8640625 0.7605434843750001 0.8640625 0.7452228796875 0.8501059312500001 0.63917410625 0.8307354734375 0.5433948859375 0.8119703390625 0.5166091703125 0.75264830625 0.5084922875 0.730251209375 0.5596286515625 0.72056598125 0.5953429375
3 0.5021262109375 0.362946428125 0.5099167671875 0.375 0.5113574421875 0.375 0.5190753625 0.3743100640625 0.5384458234375 0.3515827921875 0.540625 0.32528409062499997 0.540625 0.2980113640625 0.5360245156250001 0.2671672078125 0.514838075 0.256615259375 0.48578238437500004 0.2582386359375 0.475491828125 0.2720373375 0.4900196734375 0.281777596875 0.5021262109375 0.362946428125
3 0.535216784375 0.2643668828125 0.5436913578125 0.31306818125 0.5564032250000001 0.3138798703125 0.5601975234375 0.321875 0.560988575 0.321875 0.5671875 0.3052506140625 0.5671875 0.293954803125 0.5630618187499999 0.2400162328125 0.5527712625000001 0.22946428437500002 0.521294265625 0.2310876625 0.5125 0.25231381875 0.5125 0.2531443578125 0.535216784375 0.2643668828125
3 0.5202444015625 0.23217329687500002 0.54627345625 0.22649147812499998 0.5484375 0.20762987187499998 0.5484375 0.204549803125 0.5444574765625 0.19158888125 0.5166124390625 0.18671875 0.5014792671875 0.20051745156249998 0.49300469218750004 0.2475953734375 0.508743190625 0.2524655046875 0.5202444015625 0.23217329687500002
3 0.6554782078125 0.2638291390625 0.6625 0.249705759375 0.6625 0.245890840625 0.657899515625 0.1826603078125 0.62702784375 0.1753551125 0.609473365625 0.2378551125 0.61068401875 0.2508421265625 0.62702784375 0.2613940734375 0.6554782078125 0.2638291390625
3 0.6926259499999999 0.24375 0.71676458125 0.24375 0.721875 0.23415634999999999 0.721875 0.225969809375 0.7187102750000001 0.1764610390625 0.7072090640625001 0.16915584374999998 0.682995990625 0.16915584374999998 0.6775480468749999 0.191071428125 0.6799693546875 0.22516233749999998 0.6926259499999999 0.24375
3 0.697440603125 0.16197240156249998 0.7192323703125 0.1765827921875 0.72576366875 0.2171875 0.7441869703124999 0.2171875 0.7446560984375 0.21716720781249998 0.748288059375 0.19119318125 0.742234790625 0.1489853890625 0.7331548875 0.14005681718750002 0.70652050625 0.14005681718750002 0.697440603125 0.16197240156249998
3 0.5361323390625 0.1633421265625 0.5276577625 0.1844460234375 0.5427909343749999 0.19175121875 0.5561081265625 0.2144784890625 0.56875 0.21963767500000003 0.56875 0.20470526718749998 0.5663986828125 0.176329140625 0.5452122421875 0.1625304390625 0.5433962609375 0.1487317375 0.5379483203125 0.1446732953125 0.5312897234375 0.1552252421875 0.5361323390625 0.1633421265625
5 0.03515625 0.8921875 0.0703125 0.2125
5 0.1140625 0.84921875 0.087890625 0.3015625
5 0.1546875 0.78984375 0.078515625 0.2859375
5 0.465625 0.875 0.084375 0.25
5 0.47734375 0.759375 0.075 0.255859375
5 0.4953125 0.6625 0.080859375 0.227734375
5 0.51015625 0.5625 0.061328125 0.171484375
1 0.75859375 0.3890625 0.113671875 0.2375
1 0.9967642734375 0.9984375 0.9984375 0.901960721875 0.9984375 0.739586696875 0.844861428125 0.387182703125 0.810743003125 0.3399572015625 0.8261513234375 0.50967385 0.871275690625 0.77088990625 0.8734653234374999 0.9984375 0.9967642734375 0.9984375