3 0.60078125 0.5890625 0.1546875 0.34140625
3 0.20546875 0.575 0.11484375 0.31015625
6 0.4109375 0.659375 0.2015625 0.5828125
3 0.26328125 0.4453125 0.0984375 0.21171875
5 0.6390625 0.89609375 0.08515625 0.20234375
3 0.45703125 0.18203125 0.0703125 0.115625
3 0.390625 0.12109375 0.06015625 0.11953125
5 0.56640625 0.23984375 0.0453125 0.13828125
5 0.75234375 0.9171875 0.07890625 0.16015625
5 0.69375 0.53828125 0.0484375 0.18515625
3 0.0875 0.74453125 0.17421875 0.5078125
5 0.73203125 0.76640625 0.06640625 0.24375
6 0.2546875 0.2359375 0.10078125 0.2890625
6 0.390625 0.38125 0.11171875 0.30390625
5 0.31953125 0.1578125 0.03515625 0.12734375
5 0.82578125 0.7703125 0.08046875 0.2765625