3 0.215625 0.8109375 0.3 0.378125
3 0.3890625 0.50859375 0.1234375 0.2296875
3 0.47265625 0.3703125 0.06953125 0.18828125
3 0.51796875 0.28046875 0.06328125 0.15546875
3 0.55078125 0.228125 0.0515625 0.10625
3 0.57421875 0.19296875 0.0578125 0.09296875
3 0.63203125 0.265625 0.06328125 0.115625
3 0.61953125 0.3890625 0.08125 0.2
3 0.56484375 0.61953125 0.14921875 0.253125
3 0.534375 0.9046875 0.159375 0.18984375
3 0.7359375 0.503125 0.10546875 0.25546875
3 0.73125 0.3671875 0.07578125 0.1203125
3 0.7328125 0.28046875 0.07421875 0.134375
6 0.7140625 0.2 0.04921875 0.128125
3 0.6453125 0.20625 0.05390625 0.1015625
3 0.6546875 0.128125 0.04609375 0.071875
5 0.6671875 0.8578125 0.07109375 0.26796875
5 0.828125 0.87265625 0.065625 0.2546875
5 0.896875 0.76328125 0.0484375 0.25703125
5 0.815625 0.6375 0.04765625 0.1953125
5 0.8828125 0.56171875 0.03984375 0.14921875
5 0.909375 0.640625 0.0359375 0.115625
5 0.9734375 0.76796875 0.053125 0.1765625
5 0.9765625 0.90625 0.046875 0.1875
5 0.81640625 0.440625 0.0390625 0.11484375
5 0.81484375 0.53125 0.0296875 0.08671875
5 0.85625 0.534375 0.0296875 0.1375
5 0.86171875 0.403125 0.02421875 0.1125
5 0.79765625 0.37890625 0.03125 0.096875
5 0.828125 0.33125 0.03828125 0.09140625
5 0.79375 0.27421875 0.02265625 0.09296875
5 0.8203125 0.2484375 0.02421875 0.07734375
3 0.60703125 0.1203125 0.046875 0.09140625