3 0.59765625 0.609375 0.15625 0.27421875
3 0.4671875 0.9390625 0.184375 0.121875
5 0.5890625 0.39609375 0.04609375 0.1515625
5 0.6375 0.45703125 0.04609375 0.134375
3 0.40390625 0.11875 0.04609375 0.075
5 0.3328125 0.18046875 0.0296875 0.1125
5 0.76484375 0.85703125 0.07734375 0.27734375
5 0.2578125 0.24921875 0.0375 0.13046875
4 0.45703125 0.23125 0.0453125 0.11953125
3 0.07109375 0.803125 0.14140625 0.39140625
3 0.32109375 0.09140625 0.04375 0.0859375
3 0.4078125 0.0421875 0.0328125 0.08125
3 0.3625 0.03125 0.025 0.06171875
5 0.446875 0.05390625 0.025 0.06015625