3 0.2234375 0.8234375 0.187109375 0.353125
3 0.490625 0.821875 0.18046875 0.355859375
3 0.44765625 0.5890625 0.1125 0.25390625
3 0.1859375 0.6453125 0.121875 0.256640625
3 0.378125 0.46875 0.083984375 0.18671875
5 0.35703125 0.90390625 0.0796875 0.1875
5 0.340625 0.6890625 0.059765625 0.25625
3 0.2703125 0.2765625 0.05234375 0.08984375
3 0.36015625 0.303125 0.05625 0.140234375
5 0.1234375 0.8265625 0.052734375 0.165625
5 0.7546875 0.79453125 0.053125 0.207421875
3 0.3875 0.36875 0.06796875 0.141015625
5 0.315625 0.36953125 0.034375 0.107421875
5 0.62890625 0.90078125 0.058203125 0.1984375
3 0.34453125 0.23984375 0.048828125 0.0828125
3 0.29296875 0.16640625 0.036328125 0.0578125
5 0.3140625 0.51484375 0.03515625 0.123046875
5 0.50234375 0.48359375 0.033203125 0.0859375
3 0.278125 0.23671875 0.047265625 0.0546875
5 0.22109375 0.296875 0.023828125 0.06875
5 0.6484375 0.94921875 0.05625 0.1015625
5 0.70546875 0.71875 0.0359375 0.14296875
5 0.40546875 0.290625 0.0265625 0.087890625
5 0.3734375 0.53828125 0.03515625 0.104296875
5 0.2921875 0.57578125 0.041015625 0.141796875
3 0.284375 0.20703125 0.04453125 0.085546875
5 0.09375 0.6890625 0.056640625 0.17109375
3 0.33828125 0.18359375 0.035546875 0.0359375
3 0.3390625 0.153125 0.03125 0.041015625
3 0.2296875 0.465625 0.1 0.215234375
5 0.82421875 0.8828125 0.064453125 0.234375
5 0.44140625 0.38984375 0.039453125 0.116796875
5 0.3515625 0.78359375 0.040234375 0.1546875
5 0.49609375 0.3859375 0.033203125 0.12109375
5 0.03828125 0.88984375 0.0578125 0.219921875
5 0.875 0.9421875 0.040234375 0.115234375
5 0.61484375 0.796875 0.045703125 0.16328125
5 0.6359375 0.6890625 0.040625 0.146484375
5 0.67265625 0.76875 0.05625 0.184375
5 0.5734375 0.7234375 0.052734375 0.199609375
5 0.60078125 0.64296875 0.042578125 0.1609375
5 0.53984375 0.64609375 0.0421875 0.140625
5 0.5125 0.565625 0.049609375 0.178515625