3 0.10546875 0.746875 0.1921875 0.3890625
3 0.6265625 0.80546875 0.17578125 0.3859375
3 0.2421875 0.46484375 0.14375 0.2515625
3 0.3296875 0.70078125 0.19375 0.4125
3 0.28671875 0.33984375 0.08125 0.140625
3 0.58359375 0.54921875 0.12578125 0.2171875
3 0.35859375 0.20703125 0.06171875 0.1109375
3 0.4234375 0.3578125 0.0828125 0.16171875
3 0.521875 0.21640625 0.05546875 0.09140625
3 0.56328125 0.42421875 0.0953125 0.1421875
3 0.4734375 0.15546875 0.0390625 0.07421875
3 0.39296875 0.4890625 0.1125 0.2484375
5 0.609375 0.33515625 0.0328125 0.11875
5 0.65546875 0.428125 0.03828125 0.1453125
3 0.42421875 0.27578125 0.07109375 0.1296875
5 0.0390625 0.92890625 0.078125 0.1421875
3 0.5484375 0.33125 0.078125 0.1375
3 0.45390625 0.1921875 0.053125 0.0984375
5 0.45546875 0.83671875 0.0703125 0.29765625
3 0.33125 0.2609375 0.0703125 0.13046875
5 0.475 0.93984375 0.090625 0.1203125
5 0.38828125 0.9203125 0.0671875 0.15390625
5 0.253125 0.9484375 0.1 0.103125
3 0.509375 0.0640625 0.03671875 0.06328125
3 0.40546875 0.12890625 0.05390625 0.09921875
3 0.52578125 0.28203125 0.05703125 0.11640625
5 0.51484375 0.69296875 0.06328125 0.2609375
5 0.48046875 0.5265625 0.04375 0.15625
5 0.56796875 0.15625 0.025 0.06484375
5 0.47890625 0.4359375 0.0421875 0.12265625
5 0.47421875 0.265625 0.03203125 0.11328125
3 0.5296875 0.14296875 0.03984375 0.05
5 0.49140625 0.68984375 0.0796875 0.2625
3 0.52734375 0.1703125 0.05234375 0.05859375
5 0.7140625 0.69765625 0.06015625 0.2484375
5 0.76171875 0.86796875 0.04765625 0.24140625
5 0.79609375 0.9578125 0.04609375 0.084375
5 0.815625 0.81796875 0.0625 0.271875
5 0.86484375 0.87578125 0.0828125 0.2484375
5 0.1484375 0.51953125 0.05234375 0.09765625