3 0.53671875 0.803125 0.1765625 0.39375
3 0.25 0.46484375 0.1234375 0.234375
3 0.15703125 0.68671875 0.196875 0.37421875
3 0.32734375 0.78359375 0.196875 0.43046875
3 0.53984375 0.47265625 0.10234375 0.24375
3 0.40625 0.45 0.096875 0.1984375
3 0.3015625 0.36953125 0.08046875 0.15546875
5 0.659375 0.63671875 0.0578125 0.21875
5 0.63125 0.4359375 0.0453125 0.1625
3 0.53515625 0.303125 0.0703125 0.12734375
3 0.5390625 0.16953125 0.04375 0.0765625
3 0.3359375 0.296875 0.06484375 0.1375
3 0.51640625 0.38125 0.075 0.1453125
3 0.37578125 0.2203125 0.0609375 0.12578125
5 0.57734375 0.2359375 0.0265625 0.0921875
5 0.5734375 0.1359375 0.02265625 0.0625
3 0.39140625 0.16796875 0.046875 0.0796875
5 0.4703125 0.60625 0.0546875 0.21875
6 0.4484375 0.20078125 0.07734375 0.20390625
5 0.14140625 0.90078125 0.07890625 0.19296875
5 0.59921875 0.2109375 0.02578125 0.07578125
5 0.6078125 0.371875 0.0328125 0.09921875
3 0.41640625 0.36171875 0.08671875 0.14765625
5 0.51796875 0.0859375 0.021875 0.05078125
5 0.51171875 0.1328125 0.02578125 0.09375
3 0.47734375 0.04375 0.02890625 0.0484375
5 0.60703125 0.30625 0.025 0.075
5 0.784375 0.9046875 0.09453125 0.18984375
5 0.3953125 0.96328125 0.08515625 0.07265625
5 0.1765625 0.96484375 0.0671875 0.0703125
5 0.85625 0.98515625 0.084375 0.0296875
3 0.43203125 0.05625 0.0328125 0.05703125
5 0.7203125 0.9359375 0.0984375 0.12265625