3 0.6640625 0.92734375 0.17578125 0.14453125
5 0.31484375 0.61796875 0.103125 0.27109375
5 0.37109375 0.93359375 0.090625 0.12734375
5 0.49921875 0.578125 0.05 0.1953125
5 0.675 0.7484375 0.07109375 0.26953125
5 0.7203125 0.64296875 0.05390625 0.17734375
5 0.73671875 0.41015625 0.07265625 0.134375
5 0.62890625 0.49921875 0.06640625 0.18203125
5 0.4890625 0.36875 0.04140625 0.1375
5 0.5640625 0.2703125 0.0375 0.1109375
5 0.553125 0.1765625 0.02578125 0.07109375
5 0.5109375 0.19453125 0.02578125 0.09609375
5 0.47734375 0.05703125 0.01953125 0.04765625
5 0.53671875 0.0640625 0.02578125 0.03359375
5 0.50234375 0.05703125 0.02109375 0.04765625