3 0.21328125 0.8671875 0.190625 0.2625
3 0.46171875 0.87265625 0.20859375 0.25390625
3 0.409375 0.615625 0.13515625 0.26796875
3 0.25546875 0.63515625 0.11875 0.23984375
3 0.3625 0.4390625 0.11171875 0.25078125
3 0.21953125 0.51484375 0.0875 0.16953125
3 0.346875 0.2421875 0.05234375 0.09375
5 0.04453125 0.8859375 0.06015625 0.22734375
5 0.46484375 0.484375 0.04609375 0.14765625
5 0.58984375 0.8359375 0.071875 0.26875
3 0.240625 0.4109375 0.07734375 0.1171875
3 0.25 0.3296875 0.0671875 0.1
5 0.41796875 0.27890625 0.025 0.0921875
5 0.4359375 0.3578125 0.03515625 0.13515625
5 0.88359375 0.7859375 0.0578125 0.225
5 0.41640625 0.209375 0.021875 0.07109375
5 0.4703125 0.71015625 0.04375 0.0703125