5 0.2359375 0.8125 0.08046875 0.2359375
5 0.188256659375 0.8344155843750001 0.1398305078125 0.824675325 0.12530266406249999 0.8262987015625001 0.10895883749999999 0.8449675328125 0.0205811140625 0.9959415578125 0.23970944374999997 0.9991883109374999 0.253026634375 0.99431818125 0.25181598125 0.93100649375 0.2445520578125 0.9099025968750001 0.2300242125 0.8920454546875 0.2300242125 0.8579545453125 0.188256659375 0.8344155843750001
3 0.39951573906250004 0.6030844156249999 0.40677966093749995 0.5771103890625 0.41162227656250006 0.5251623375000001 0.40738498749999996 0.51948051875 0.375907990625 0.5129870125 0.37651331718750003 0.5056818187500001 0.3625907984375 0.49188311718750005 0.2778450359375 0.47564935 0.266343825 0.49269480468750004 0.2457627125 0.572240259375 0.23607748125 0.5754870125 0.24213075 0.58198051875 0.24334140468749998 0.5949675328125 0.23849878906250002 0.6534090906250001 0.22881355937499998 0.66801948125 0.2300242125 0.6826298703125 0.23426150156249997 0.6931818187500001 0.24818401875 0.7021103890625 0.25181598125 0.7313311687499999 0.263317190625 0.7548701296875 0.3347457625 0.76948051875 0.3432203390625 0.7824675328125 0.3510895890625 0.7849025968750001 0.35956416406249997 0.7686688312500001 0.3644067796875 0.7297077921875 0.37893462499999997 0.6858766234375 0.3928571421875 0.6818181812499999 0.39709443125 0.671266234375 0.39951573906250004 0.6030844156249999
3 0.4188861984375 0.333603896875 0.398305084375 0.3790584421875 0.3813559328125 0.453733765625 0.380145278125 0.5008116890625 0.38922518125 0.509740259375 0.4085956421875 0.5129870125 0.42554479375 0.5081168828125 0.44975786875 0.5146103890625 0.45823244531249996 0.5292207796875 0.4661016953125 0.5284090906250001 0.49152542343750005 0.45535714218749995 0.489104115625 0.35795454531250004 0.48184019375 0.333603896875 0.4715496375 0.32467532499999996 0.43401937031250004 0.32305194843749996 0.4188861984375 0.333603896875
3 0.46246973437500005 0.252435065625 0.4539951578125 0.3173701296875 0.47760290625 0.32629870156249996 0.4884987890625 0.34253246718749997 0.5042372875 0.34577922031249997 0.5145278453125 0.35633116875000004 0.5266343828125 0.309253246875 0.5278450359375 0.228084415625 0.5187651328125 0.2110389609375 0.48970944375 0.20616883125 0.47578692499999997 0.21834415625 0.46246973437500005 0.252435065625
3 0.7265625 0.65 0.0015625 0.00078125
3 0.8753026640625 0.7118506499999999 0.8698547218750001 0.7045454546875 0.8359564171875 0.6931818187500001 0.7863196125 0.6915584421875 0.7675544796875 0.7426948046875 0.7675544796875 0.7719155843750001 0.7542372875 0.7881493500000001 0.74818401875 0.8271103890625 0.7506053265625 0.8352272734374999 0.742736078125 0.8425324671875 0.7221549640625 0.8425324671875 0.7191283296875 0.8498376625 0.720944309375 0.8636363640625 0.733050846875 0.8571428578125 0.7506053265625 0.8676948046874999 0.7578692499999999 0.9910714281249999 0.773002421875 1 0.9116222765625001 0.9991883109374999 0.9152542374999999 0.9634740265625 0.9092009687499999 0.8887987015625001 0.9188861984375001 0.8676948046874999 0.9031477000000001 0.8530844156249999 0.892251815625 0.7767857140625 0.8753026640625 0.7118506499999999
3 0.7978208234374999 0.409902596875 0.7863196125 0.3896103890625 0.7645278453125 0.378246753125 0.7415254234375 0.378246753125 0.728813559375 0.40178571406249997 0.7215496375 0.44886363593749995 0.71549636875 0.453733765625 0.71549636875 0.5771103890625 0.725786925 0.5844155843750001 0.766949153125 0.5860389609375 0.8014527843750001 0.5982142859375 0.8111380140625 0.5625 0.8099273609375001 0.49269480468750004 0.8171912828125001 0.48620129843750004 0.8184019375 0.47646103906250004 0.8062954 0.46672077968750003 0.7978208234374999 0.409902596875
6 0.6555690078125 0.28084415625000003 0.55871670625 0.2613636359375 0.529055690625 0.33522727343750003 0.5205811140625001 0.5008116890625 0.5175544796875 0.5113636359375 0.515133171875 0.5048701296875 0.5024213078125 0.5073051953125 0.501210653125 0.5267857140625 0.516949153125 0.552759740625 0.5121065375 0.6647727265625 0.5175544796875 0.6818181812499999 0.5429782078125001 0.6850649343749999 0.55871670625 0.6964285718750001 0.6234866828125 0.703733765625 0.6343825671875 0.6647727265625 0.64527845 0.58198051875 0.6537530265625 0.559253246875 0.6501210656249999 0.5219155843750001 0.6622276031250001 0.28977272656249997 0.6555690078125 0.28084415625000003
6 0.7088377718750001 0.1948051953125 0.70338983125 0.21834415625 0.7009685234374999 0.27678571406249997 0.6949152546875 0.29301948125 0.6949152546875 0.34172077968750003 0.7058111375 0.39691558437499996 0.72397094375 0.403409090625 0.7378934625 0.3766233765625 0.7693704593749999 0.38149350625 0.7748184015625 0.3741883109375 0.7772397093750001 0.2264610390625 0.7657384984375 0.2045454546875 0.7088377718750001 0.1948051953125
6 0.7445520578125 0.15178571406250002 0.7433414046875 0.1956168828125 0.7645278453125 0.202922078125 0.7748184015625 0.2167207796875 0.7784503625 0.28490259687499997 0.8062954 0.28652597343749997 0.8147699765624999 0.2540584421875 0.8159806296875001 0.1728896109375 0.8032687656249999 0.16071428593749998 0.766949153125 0.1542207796875 0.748789346875 0.1428571421875 0.7445520578125 0.15178571406250002
3 0.6234866828125 0.2329545453125 0.6174334140625 0.23944805156250001 0.6210653749999999 0.2459415578125 0.6174334140625 0.26866883124999996 0.660411621875 0.28084415625000003 0.6658595640625 0.3141233765625 0.6731234859375 0.27029220781249996 0.668280871875 0.215097403125 0.660411621875 0.196428571875 0.6410411625 0.19318181875 0.6283292984375 0.208603896875 0.6234866828125 0.2329545453125
3 0.529055690625 0.2264610390625 0.5738498796875 0.2362012984375 0.57869249375 0.2232142859375 0.5811138015624999 0.1696428578125 0.569612590625 0.15584415625 0.5441888625 0.1574675328125 0.5338983046875 0.1858766234375 0.529055690625 0.2264610390625
3 0.575665859375 0.15909090937499998 0.5823244546875 0.1761363640625 0.589588378125 0.1647727265625 0.59079903125 0.112824675 0.581719128125 0.10551948124999999 0.55871670625 0.10551948124999999 0.547215496875 0.15340909062500002 0.575665859375 0.15909090937499998
3 0.6210653749999999 0.1615259734375 0.6222760296875001 0.1858766234375 0.6174334140625 0.2053571421875 0.6283292984375 0.2102272734375 0.636198546875 0.19318181875 0.6573849875 0.190746753125 0.6610169484374999 0.1550324671875 0.6519370453125 0.1396103890625 0.630145278125 0.1379870125 0.6210653749999999 0.1615259734375
3 0.698547215625 0.7735389609375 0.7070217921874999 0.7686688312500001 0.7009685234374999 0.7524350656250001 0.6858353515625 0.7418831171875 0.557506053125 0.6980519484375 0.46912832968749996 0.6769480515625 0.4473365625 0.6769480515625 0.42615012031250005 0.6875 0.40920096875 0.7378246749999999 0.33050847499999997 0.9212662343750001 0.307506053125 0.99431818125 0.70338983125 0.9975649343749999 0.7118644062499999 0.8108766234375 0.706416465625 0.7970779218749999 0.6961259078124999 0.79301948125 0.70157385 0.7808441562499999 0.7070217921874999 0.7800324671875 0.698547215625 0.7735389609375