3 0.44140625 0.80390625 0.1953125 0.3921875
5 0.8734375 0.93203125 0.0859375 0.1359375
5 0.546875 0.3640625 0.05 0.140625
5 0.02265625 0.72109375 0.04453125 0.075
5 0.2828125 0.6640625 0.08125 0.2546875
3 0.73984375 0.9546875 0.2203125 0.090625
5 0.3109375 0.24375 0.0359375 0.1171875
5 0.42578125 0.2203125 0.03203125 0.109375
5 0.8328125 0.85390625 0.07265625 0.21796875
5 0.478125 0.23828125 0.034375 0.11796875
3 0.6671875 0.82578125 0.225 0.3484375
5 0.44609375 0.0984375 0.028125 0.0890625
5 0.37109375 0.06484375 0.025 0.0625
5 0.58828125 0.23671875 0.02890625 0.11640625
5 0.2640625 0.9140625 0.096875 0.17109375
3 0.04921875 0.878125 0.0984375 0.240625
5 0.42734375 0.03671875 0.0203125 0.05078125
5 0.1671875 0.87578125 0.06875 0.24453125
5 0.29296875 0.18125 0.028125 0.08984375
5 0.075 0.87890625 0.0578125 0.23671875
5 0.4515625 0.08515625 0.0234375 0.08515625
5 0.4078125 0.02265625 0.0171875 0.040625
5 0.47109375 0.09375 0.01640625 0.05625
5 0.43046875 0.0171875 0.0203125 0.034375