3 0.1328125 0.7390625 0.171484375 0.3625
3 0.37265625 0.53125 0.1 0.215625
3 0.415625 0.696875 0.156640625 0.347265625
3 0.259375 0.3640625 0.06328125 0.128515625
5 0.625 0.7609375 0.05703125 0.21875
5 0.49921875 0.628125 0.0453125 0.15625
5 0.57421875 0.6625 0.051953125 0.162109375
3 0.234375 0.5546875 0.115234375 0.23359375
5 0.27265625 0.66953125 0.059375 0.2296875
3 0.22734375 0.45703125 0.095703125 0.165625
5 0.50625 0.67734375 0.040234375 0.176953125
3 0.3609375 0.4046875 0.08125 0.134765625
5 0.51953125 0.7921875 0.0328125 0.097265625
5 0.7375 0.9640625 0.04296875 0.071875
5 0.4328125 0.9796875 0.062109375 0.040625
5 0.39609375 0.95859375 0.054296875 0.0796875
5 0.5484375 0.7234375 0.034375 0.090625
5 0.7203125 0.73203125 0.078515625 0.283203125
5 0.17421875 0.925 0.086328125 0.15
5 0.42109375 0.9109375 0.061328125 0.178125
5 0.528125 0.915625 0.053125 0.16875
3 0.28671875 0.21015625 0.057421875 0.1109375
5 0.3625 0.253125 0.049609375 0.093359375