3 0.0796875 0.725 0.159375 0.396875
5 0.64453125 0.640625 0.05625 0.18671875
5 0.5796875 0.6375 0.05859375 0.17109375
5 0.6890625 0.925 0.07265625 0.146875
5 0.578125 0.42109375 0.05234375 0.1625
5 0.72265625 0.61953125 0.04921875 0.21015625
5 0.79296875 0.68515625 0.06484375 0.225
3 0.81875 0.8671875 0.11171875 0.23046875
5 0.21640625 0.63515625 0.05234375 0.196875
5 0.571875 0.53515625 0.06328125 0.1625
5 0.5171875 0.26796875 0.046875 0.153125
5 0.44375 0.0890625 0.01875 0.0828125
3 0.28984375 0.2125 0.078125 0.21328125
5 0.64453125 0.45546875 0.0546875 0.196875
3 0.046875 0.93203125 0.09375 0.1328125
5 0.68828125 0.9765625 0.06796875 0.04609375
5 0.40546875 0.05703125 0.0234375 0.0734375
5 0.73359375 0.46328125 0.05546875 0.16796875
5 0.23671875 0.9109375 0.06484375 0.178125
5 0.26484375 0.82734375 0.07265625 0.19609375
5 0.26015625 0.71171875 0.0640625 0.1796875
5 0.15625 0.87578125 0.08046875 0.2484375
5 0.16015625 0.7671875 0.071875 0.22109375
5 0.203125 0.56640625 0.05703125 0.1828125
5 0.2359375 0.46328125 0.05703125 0.17421875
5 0.24609375 0.3640625 0.03984375 0.15234375
6 0.41640625 0.75703125 0.21328125 0.48515625
6 0.4203125 0.34140625 0.12734375 0.28203125
3 0.3875 0.11796875 0.05390625 0.09140625
3 0.3359375 0.0875 0.04921875 0.084375
5 0.49453125 0.16015625 0.0359375 0.1015625
5 0.57890625 0.88984375 0.0734375 0.2203125
5 0.67265625 0.83046875 0.09140625 0.19609375
5 0.5859375 0.75859375 0.071875 0.20078125