3 0.19375 0.625 0.191015625 0.366015625
3 0.40703125 0.62578125 0.15 0.323046875
3 0.60859375 0.65625 0.1515625 0.309375
3 0.42109375 0.3453125 0.090625 0.152734375
5 0.38046875 0.92421875 0.073046875 0.1515625
5 0.10390625 0.91484375 0.066796875 0.165625
5 0.3578125 0.85390625 0.093359375 0.291796875
3 0.54921875 0.4765625 0.110546875 0.240234375
5 0.69140625 0.93359375 0.0546875 0.128125
5 0.78046875 0.71796875 0.055078125 0.161328125
3 0.534375 0.2484375 0.062890625 0.115234375
5 0.965625 0.93359375 0.06875 0.1328125
5 0.70390625 0.5453125 0.040625 0.127734375
3 0.42734375 0.2546875 0.06875 0.087109375
5 0.47890625 0.4078125 0.038671875 0.140625
5 0.72578125 0.66796875 0.048046875 0.183203125
5 0.58359375 0.74375 0.0515625 0.1125
5 0.03828125 0.953125 0.063671875 0.09375
5 0.62265625 0.35703125 0.028125 0.098046875
6 0.26171875 0.36171875 0.154296875 0.330078125
3 0.3875 0.16953125 0.049609375 0.09375
5 0.90546875 0.84921875 0.060546875 0.248828125
3 0.4625 0.24140625 0.049609375 0.096875
5 0.5109375 0.88203125 0.077734375 0.2359375
5 0.6359375 0.48359375 0.028515625 0.123828125
3 0.44765625 0.1921875 0.0546875 0.09140625
5 0.1265625 0.81953125 0.04765625 0.126171875
5 0.6140625 0.440625 0.037109375 0.10625
5 0.61875 0.88203125 0.078125 0.235546875
3 0.35390625 0.2359375 0.048046875 0.14375
5 0.23984375 0.9171875 0.0625 0.16015625
3 0.52578125 0.1890625 0.044921875 0.06484375
5 0.7546875 0.88515625 0.071875 0.2265625
5 0.82734375 0.8109375 0.05625 0.205859375
5 0.8421875 0.9078125 0.065625 0.184375