3 0.69453125 0.82890625 0.205078125 0.3421875
6 0.2875 0.65625 0.36796875 0.6875
3 0.62890625 0.628125 0.132421875 0.300390625
3 0.68828125 0.45234375 0.1015625 0.201171875
3 0.50234375 0.49765625 0.1 0.2671875
5 0.846875 0.871875 0.077734375 0.25
3 0.93359375 0.93828125 0.1328125 0.1234375
3 0.51015625 0.42421875 0.095703125 0.23125
5 0.875 0.7421875 0.052734375 0.162890625
5 0.81328125 0.67421875 0.05 0.175
5 0.8 0.75859375 0.053125 0.175
5 0.76640625 0.35859375 0.023828125 0.126953125
5 0.5953125 0.334375 0.03515625 0.131640625
5 0.6890625 0.20234375 0.021484375 0.079296875