3 0.34765625 0.82109375 0.182421875 0.354296875
3 0.11640625 0.8203125 0.2328125 0.355859375
3 0.64921875 0.63828125 0.160546875 0.348046875
3 0.46328125 0.45390625 0.108203125 0.226171875
3 0.28828125 0.48828125 0.1375 0.276171875
3 0.45859375 0.665625 0.1328125 0.312109375
5 0.7765625 0.421875 0.050390625 0.146484375
3 0.36875 0.21640625 0.069140625 0.107421875
5 0.765625 0.70859375 0.058984375 0.207421875
3 0.296875 0.3421875 0.105859375 0.140234375
5 0.0921875 0.6203125 0.04609375 0.16875
5 0.15546875 0.52578125 0.057421875 0.207421875
3 0.5890625 0.409375 0.109765625 0.240625
5 0.3765625 0.59296875 0.044140625 0.113671875
5 0.9609375 0.96875 0.044140625 0.0625
3 0.33671875 0.2953125 0.069921875 0.140625
5 0.8703125 0.840625 0.077734375 0.2375
5 0.38125 0.48515625 0.04921875 0.165625
5 0.2421875 0.65859375 0.06015625 0.2203125
5 0.19375 0.596875 0.053125 0.168359375
5 0.50234375 0.88984375 0.0671875 0.2203125
5 0.5546875 0.83984375 0.047265625 0.266796875
5 0.6203125 0.88828125 0.08984375 0.223046875
5 0.78828125 0.8859375 0.0703125 0.228125
5 0.7265625 0.90703125 0.055859375 0.1625
5 0.68671875 0.85625 0.066796875 0.21328125
5 0.45390625 0.30625 0.0390625 0.11328125
5 0.19921875 0.4703125 0.061328125 0.190625