3 0.53671875 0.803125 0.1765625 0.39375
3 0.25 0.46484375 0.12421875 0.234375
3 0.15703125 0.68671875 0.196875 0.373828125
3 0.32734375 0.78359375 0.196875 0.430078125
3 0.53984375 0.47265625 0.101953125 0.24375
3 0.40625 0.45 0.096875 0.19921875
3 0.3015625 0.36953125 0.080859375 0.155078125
5 0.659375 0.63671875 0.05703125 0.21875
5 0.63125 0.4359375 0.04453125 0.1625
3 0.53515625 0.303125 0.0703125 0.127734375
3 0.5390625 0.16953125 0.04375 0.0765625
3 0.3359375 0.296875 0.065234375 0.1375
3 0.51640625 0.38125 0.075 0.14453125
3 0.37578125 0.2203125 0.0609375 0.125390625
5 0.57734375 0.2359375 0.0265625 0.09140625
5 0.5734375 0.1359375 0.022265625 0.0625
3 0.39140625 0.16796875 0.046875 0.0796875
5 0.4703125 0.60625 0.05390625 0.21875
6 0.4484375 0.20078125 0.077734375 0.204296875
5 0.14140625 0.90078125 0.079296875 0.192578125
5 0.59921875 0.2109375 0.026171875 0.075390625
5 0.6078125 0.371875 0.03359375 0.099609375
3 0.41640625 0.36171875 0.086328125 0.148046875
5 0.51796875 0.0859375 0.021875 0.050390625
5 0.51171875 0.1328125 0.026171875 0.09375
3 0.47734375 0.04375 0.029296875 0.04921875
5 0.60703125 0.30625 0.025 0.075
5 0.784375 0.9046875 0.094140625 0.190234375
5 0.3953125 0.96328125 0.084765625 0.073046875
5 0.1765625 0.96484375 0.06640625 0.0703125
5 0.85625 0.98515625 0.084375 0.0296875
3 0.43203125 0.05625 0.0328125 0.056640625
5 0.7203125 0.9359375 0.09765625 0.122265625