3 0.43125 0.8859375 0.2078125 0.221875
3 0.428125 0.47265625 0.11796875 0.24375
6 0.578125 0.55078125 0.15234375 0.4046875
5 0.5578125 0.8203125 0.0765625 0.22578125
3 0.53125 0.27421875 0.05703125 0.11875
3 0.51484375 0.19296875 0.03828125 0.0875
3 0.4515625 0.3453125 0.07421875 0.1125
3 0.559375 0.315625 0.0640625 0.0890625
5 0.68203125 0.58125 0.046875 0.1671875
3 0.5234375 0.13828125 0.04921875 0.078125
5 0.4015625 0.69375 0.053125 0.1703125
5 0.41328125 0.17578125 0.01640625 0.0671875
6 0.4484375 0.1640625 0.06796875 0.1171875
3 0.55 0.2234375 0.04609375 0.0828125
5 0.41171875 0.2578125 0.02109375 0.11015625
6 0 0.997023809375 0.015133171875 0.9983766234375 0.25181598125 0.9975649343749999 0.26513317187499996 0.9748376625 0.282082325 0.89366883125 0.295399515625 0.8547077921874999 0.315375303125 0.8149350656250001 0.327481840625 0.8165584421875 0.33656174375000003 0.8076298703125 0.3523002421875 0.7524350656250001 0.3583535109375 0.68100649375 0.3571428578125 0.5900974031249999 0.37046004843749997 0.5219155843750001 0.3898305078125 0.20698051875 0.3807506046875 0.1915584421875 0.2136803875 0.17207792187499998 0.0768765140625 0.271103896875 0 0.33859081562500004 0 0.997023809375
6 0.27058111406249996 0.08279220781249999 0.287530265625 0.08279220781249999 0.2929782078125 0.0917207796875 0.287530265625 0.103896103125 0.2675544796875 0.1079545453125 0.26815980625 0.17370129843749998 0.3855932203125 0.1883116890625 0.3946731234375 0.1956168828125 0.39951573906250004 0.1858766234375 0.404358353125 0.127435065625 0.4025423734375 0.0487012984375 0.327481840625 0.0389610390625 0.2675544796875 0.07711038906249999 0.27058111406249996 0.08279220781249999
3 0.4484375 0.26875 0.08046875 0.16953125
3 0.46640625 0.1046875 0.040625 0.065625
3 0.47734375 0.04609375 0.034375 0.08203125
3 0.41328125 0.1015625 0.034375 0.06484375
3 0.41640625 0.06875 0.03125 0.0390625
3 0.42421875 0.05390625 0.02734375 0.0296875