3 0.134375 0.88515625 0.209765625 0.225
3 0.1859375 0.49296875 0.134375 0.232421875
3 0.234375 0.34921875 0.094140625 0.1546875
3 0.10703125 0.6953125 0.1546875 0.291015625
3 0.28203125 0.2125 0.0671875 0.096484375
5 0.56796875 0.31796875 0.044921875 0.146875
3 0.2546875 0.275 0.072265625 0.146875
5 0.7171875 0.6296875 0.05625 0.205859375
3 0.39453125 0.23515625 0.0671875 0.126953125
5 0.44921875 0.1234375 0.023046875 0.091015625
5 0.77890625 0.61171875 0.055078125 0.201171875
5 0.49140625 0.2375 0.034375 0.125390625
3 0.39765625 0.15390625 0.063671875 0.1125
3 0.309375 0.1453125 0.047265625 0.08359375
3 0.29453125 0.17578125 0.059375 0.064453125
2 0.41171875 0.65234375 0.230078125 0.694921875
5 0.64296875 0.68359375 0.0578125 0.236328125
5 0.55625 0.6015625 0.062109375 0.159765625
3 0.43046875 0.0171875 0.030078125 0.034375
5 0.27890625 0.59140625 0.034375 0.160546875
5 0.32890625 0.25234375 0.0359375 0.0984375
5 0.24296875 0.64140625 0.048828125 0.1640625
5 0.76796875 0.675 0.066796875 0.183984375
3 0.45390625 0.025 0.0390625 0.04921875
5 0.384375 0.01015625 0.016015625 0.0203125
3 0.33046875 0.10703125 0.03125 0.0703125
5 0.2078125 0.61640625 0.047265625 0.178125
5 0.28125 0.45625 0.047265625 0.178125
5 0.3109375 0.34765625 0.059765625 0.1515625
3 0.40546875 0.28359375 0.078125 0.0890625
5 0.203125 0.7296875 0.058984375 0.17734375
5 0.703125 0.88671875 0.087109375 0.225
5 0.58046875 0.728125 0.0625 0.137109375
5 0.80390625 0.81640625 0.08125 0.26875
5 0.61015625 0.9046875 0.096875 0.190234375