3 0.3890625 0.6875 0.159375 0.321875
3 0.18515625 0.63125 0.190625 0.371484375
3 0.60859375 0.64140625 0.159375 0.33125
3 0.40390625 0.46171875 0.116796875 0.189453125
3 0.26171875 0.8578125 0.2328125 0.284375
3 0.26484375 0.45 0.108203125 0.190234375
3 0.55078125 0.50078125 0.10625 0.2171875
5 0.8796875 0.8578125 0.062890625 0.22265625
3 0.53125 0.24765625 0.065625 0.115625
3 0.54296875 0.39296875 0.078125 0.1421875
3 0.29921875 0.3671875 0.0765625 0.14375
5 0.80078125 0.56875 0.045703125 0.187890625
3 0.60390625 0.87421875 0.188671875 0.246875
5 0.734375 0.44453125 0.047265625 0.1125
3 0.52421875 0.18984375 0.0515625 0.073828125
5 0.584375 0.1875 0.028515625 0.06796875
3 0.44375 0.359375 0.075390625 0.175390625
6 0.35859375 0.203125 0.096875 0.168359375
3 0.54765625 0.3234375 0.070703125 0.119140625
5 0.7890625 0.715625 0.04765625 0.14296875
5 0.6828125 0.5578125 0.0375 0.122265625
3 0.46484375 0.14765625 0.0421875 0.0921875
5 0.471875 0.2453125 0.028125 0.102734375
5 0.6109375 0.43203125 0.03984375 0.108203125
5 0.68359375 0.4875 0.0328125 0.119140625
3 0.34453125 0.303125 0.073046875 0.125
5 0.59375 0.2703125 0.02578125 0.077734375
5 0.53046875 0.09453125 0.01875 0.0625
5 0.421875 0.246875 0.028125 0.09453125
5 0.60390625 0.36640625 0.035546875 0.1078125
5 0.50234375 0.08828125 0.01875 0.0453125
5 0.47109375 0.0828125 0.016796875 0.046875
5 0.72421875 0.66953125 0.051171875 0.204296875
5 0.58671875 0.25078125 0.025 0.079296875
5 0.6046875 0.33203125 0.03125 0.069921875
5 0.08828125 0.90859375 0.080078125 0.182421875
5 0.74140625 0.90234375 0.0640625 0.1953125
5 0.8234375 0.925 0.0625 0.15
5 0.92578125 0.9359375 0.057421875 0.128125