3 0.3890625 0.6875 0.159375 0.321875
3 0.18515625 0.63125 0.190625 0.37109375
3 0.60859375 0.64140625 0.159375 0.33125
3 0.40390625 0.46171875 0.11640625 0.18984375
3 0.26171875 0.8578125 0.2328125 0.284375
3 0.26484375 0.45 0.10859375 0.18984375
3 0.55078125 0.50078125 0.10625 0.2171875
5 0.8796875 0.8578125 0.06328125 0.2234375
3 0.53125 0.24765625 0.065625 0.115625
3 0.54296875 0.39296875 0.078125 0.1421875
3 0.29921875 0.3671875 0.0765625 0.14375
5 0.80078125 0.56875 0.04609375 0.18828125
3 0.60390625 0.87421875 0.18828125 0.246875
5 0.734375 0.44453125 0.04765625 0.1125
3 0.52421875 0.18984375 0.0515625 0.07421875
5 0.584375 0.1875 0.02890625 0.0671875
3 0.44375 0.359375 0.07578125 0.17578125
6 0.35859375 0.203125 0.096875 0.16796875
3 0.54765625 0.3234375 0.07109375 0.11953125
5 0.7890625 0.715625 0.0484375 0.1421875
5 0.6828125 0.5578125 0.0375 0.12265625
3 0.46484375 0.14765625 0.0421875 0.0921875
5 0.471875 0.2453125 0.028125 0.10234375
5 0.6109375 0.43203125 0.0390625 0.10859375
5 0.68359375 0.4875 0.0328125 0.11953125
3 0.34453125 0.303125 0.07265625 0.125
5 0.59375 0.2703125 0.0265625 0.07734375
5 0.53046875 0.09453125 0.01875 0.0625
5 0.421875 0.246875 0.028125 0.0953125
5 0.60390625 0.36640625 0.03515625 0.1078125
5 0.50234375 0.08828125 0.01875 0.0453125
5 0.47109375 0.0828125 0.01640625 0.046875
5 0.72421875 0.66953125 0.05078125 0.20390625
5 0.58671875 0.25078125 0.025 0.07890625
5 0.6046875 0.33203125 0.03125 0.06953125
5 0.08828125 0.90859375 0.08046875 0.18203125
5 0.74140625 0.90234375 0.0640625 0.1953125
5 0.8234375 0.925 0.0625 0.15
5 0.92578125 0.9359375 0.05703125 0.128125