3 0.44140625 0.80390625 0.19375 0.3921875
5 0.871875 0.93359375 0.0875 0.1328125
5 0.15625 0.4296875 0.046484375 0.1625
5 0.17109375 0.72890625 0.079296875 0.2421875
5 0.271875 0.52734375 0.062890625 0.196875
5 0.86640625 0.596875 0.0703125 0.215234375
5 0.334375 0.4203125 0.05 0.168359375
3 0.73828125 0.9546875 0.2203125 0.090625
5 0.55703125 0.15703125 0.025 0.071875
5 0.8359375 0.84921875 0.077734375 0.21875
5 0.4359375 0.10390625 0.025390625 0.078125
5 0.2734375 0.88359375 0.072265625 0.228125
6 0.67421875 0.82109375 0.23125 0.3484375
5 0.3703125 0.140625 0.02890625 0.0875
5 0.2703125 0.37421875 0.049609375 0.142578125
5 0.38125 0.05390625 0.021484375 0.05625
3 0.04765625 0.878125 0.0953125 0.24375
5 0.4234375 0.0421875 0.02109375 0.049609375
5 0.16640625 0.9515625 0.0796875 0.096875
5 0.40234375 0.00859375 0.0203125 0.0171875
5 0.36953125 0.00703125 0.0171875 0.0140625