3 0.41015625 0.8296875 0.1546875 0.340625
3 0.3984375 0.51484375 0.10390625 0.194921875
3 0.1390625 0.753125 0.178125 0.409765625
3 0.27265625 0.48984375 0.091796875 0.1875
3 0.321875 0.9015625 0.14296875 0.190625
3 0.23125 0.421875 0.077734375 0.150390625
3 0.3671875 0.3984375 0.077734375 0.153515625
3 0.2734375 0.2609375 0.05390625 0.103515625
5 0.23125 0.8875 0.049609375 0.17421875
5 0.365625 0.27578125 0.03046875 0.0890625
5 0.50625 0.65 0.043359375 0.165234375
5 0.22265625 0.94140625 0.057421875 0.1109375
5 0.33671875 0.63203125 0.045703125 0.198046875
5 0.27578125 0.61953125 0.041796875 0.179296875
5 0.4046875 0.3484375 0.025390625 0.105859375
5 0.56796875 0.70859375 0.0453125 0.148828125
5 0.634375 0.92578125 0.08125 0.1484375
5 0.46328125 0.4109375 0.034375 0.1125
5 0.30078125 0.3796875 0.025 0.080859375
5 0.02578125 0.95625 0.051171875 0.0875
5 0.5203125 0.9328125 0.059375 0.133984375
5 0.51953125 0.76875 0.0484375 0.215625
5 0.68203125 0.8796875 0.0703125 0.23984375
5 0.640625 0.7859375 0.053515625 0.166015625
5 0.7515625 0.93203125 0.065234375 0.135546875
5 0.12578125 0.93671875 0.060546875 0.1265625
5 0.17890625 0.9390625 0.0546875 0.121875
5 0.25234375 0.7640625 0.048046875 0.149609375
5 0.2921875 0.7140625 0.056640625 0.18984375
5 0.39453125 0.57734375 0.032421875 0.141796875
5 0.33359375 0.60703125 0.032421875 0.1546875
5 0.48203125 0.53125 0.0296875 0.13671875
5 0.46875 0.6484375 0.037890625 0.149609375
5 0.13125 0.53125 0.03046875 0.115234375