3 0.13515625 0.80703125 0.176171875 0.382421875
3 0.36328125 0.875 0.2046875 0.25
3 0.22265625 0.62109375 0.1109375 0.21875
3 0.3953125 0.671875 0.12890625 0.29296875
3 0.2515625 0.4875 0.084765625 0.165234375
3 0.3578125 0.52578125 0.08984375 0.203125
3 0.265625 0.315625 0.056640625 0.09921875
3 0.240625 0.36953125 0.08046875 0.126953125
5 0.77265625 0.92109375 0.066796875 0.157421875
3 0.38125 0.42734375 0.072265625 0.1453125
5 0.14140625 0.5359375 0.0453125 0.15
5 0.51015625 0.684375 0.046875 0.134765625
3 0.271875 0.26875 0.05 0.087109375
5 0.71640625 0.84296875 0.059375 0.24375
5 0.5046875 0.49609375 0.033984375 0.111328125
3 0.3484375 0.30078125 0.052734375 0.091796875
5 0.53125 0.909375 0.07578125 0.180859375
5 0.16640625 0.46640625 0.0296875 0.1234375
5 0.10546875 0.61328125 0.034375 0.0828125
3 0.284375 0.171875 0.033984375 0.05078125
3 0.34453125 0.35703125 0.057421875 0.101171875
5 0.45 0.5359375 0.03828125 0.119140625
3 0.33203125 0.26171875 0.0484375 0.085546875
5 0.5015625 0.765625 0.047265625 0.143359375
5 0.5421875 0.609375 0.04609375 0.171484375
5 0.40234375 0.33671875 0.021875 0.075
3 0.2734375 0.20859375 0.04140625 0.046875
5 0.5078125 0.89609375 0.056640625 0.1625
5 0.484375 0.6046875 0.03828125 0.15390625
5 0.3171875 0.41484375 0.028515625 0.0734375
5 0.646875 0.72265625 0.044140625 0.1671875
5 0.4328125 0.39375 0.025390625 0.078125
5 0.85390625 0.9796875 0.073046875 0.040234375
5 0.31328125 0.440625 0.032421875 0.11953125
5 0.19609375 0.42890625 0.0265625 0.083203125
5 0.44296875 0.46640625 0.0265625 0.0921875
5 0.18515625 0.46796875 0.026953125 0.109375
5 0.42734375 0.3734375 0.0234375 0.0875
5 0.70625 0.98515625 0.053125 0.0296875
5 0.4234375 0.47578125 0.027734375 0.1015625
5 0.63984375 0.90390625 0.058203125 0.191796875
5 0.596875 0.9640625 0.030859375 0.071875
5 0.571875 0.86015625 0.056640625 0.240625
5 0.5984375 0.7625 0.05 0.22421875