3 0.2375 0.7328125 0.21640625 0.39296875
3 0.5625 0.81875 0.1828125 0.3625
2 0.83984375 0.66328125 0.3015625 0.6734375
3 0.56796875 0.584375 0.146875 0.27734375
3 0.3734375 0.5765625 0.11953125 0.2421875
3 0.61953125 0.43125 0.09765625 0.1828125
3 0.4359375 0.409375 0.1109375 0.1796875
3 0.16015625 0.91875 0.25390625 0.1625
3 0.5625 0.946875 0.2015625 0.10625
3 0.6109375 0.3265625 0.06484375 0.10390625
3 0.48359375 0.32421875 0.071875 0.12421875
3 0.51953125 0.26875 0.06171875 0.0734375
3 0.56484375 0.19609375 0.03828125 0.05859375
3 0.64765625 0.228125 0.05234375 0.075
5 0.66171875 0.55 0.0609375 0.1890625
3 0.65078125 0.2921875 0.05390625 0.10078125
3 0.5296875 0.21171875 0.05390625 0.04609375
5 0.6875 0.4625 0.02890625 0.1578125
5 0.36328125 0.88046875 0.0640625 0.2390625
5 0.4109375 0.82421875 0.065625 0.2765625
5 0.4265625 0.65859375 0.03984375 0.10546875
5 0.44296875 0.5734375 0.0390625 0.08984375
5 0.46484375 0.55390625 0.04375 0.18203125
5 0.4953125 0.4234375 0.0375 0.06796875
5 0.49453125 0.4796875 0.03671875 0.10625
5 0.51484375 0.42265625 0.02890625 0.1375