3 0.19140625 0.465625 0.11953125 0.278125
3 0.10703125 0.678125 0.165625 0.31875
3 0.2640625 0.34296875 0.09609375 0.20625
3 0.51796875 0.23203125 0.0640625 0.11875
3 0.4390625 0.2875 0.08515625 0.11328125
5 0.190625 0.7828125 0.065625 0.23359375
5 0.53515625 0.540625 0.05390625 0.215625
3 0.39921875 0.159375 0.053125 0.0765625
6 0.40625 0.68671875 0.21015625 0.44453125
5 0.50390625 0.28359375 0.03203125 0.1046875
5 0.290625 0.52109375 0.05078125 0.17578125
3 0.40078125 0.20546875 0.06171875 0.08671875
3 0.40546875 0.265625 0.0609375 0.1171875
5 0.26484375 0.8765625 0.0765625 0.24296875
5 0.709375 0.40078125 0.0359375 0.12265625
3 0.29375 0.23828125 0.0640625 0.1265625
5 0.740625 0.48828125 0.04453125 0.1296875
5 0.6296875 0.2859375 0.02890625 0.11796875
3 0.40703125 0.115625 0.04296875 0.06640625
3 0.47265625 0.1359375 0.0484375 0.1
5 0.5859375 0.9296875 0.09140625 0.140625
5 0.35078125 0.2703125 0.03515625 0.1
3 0.30390625 0.17421875 0.05390625 0.08203125
5 0.6859375 0.346875 0.03515625 0.13203125
5 0.79453125 0.58671875 0.06796875 0.190625
3 0.40078125 0.07109375 0.040625 0.0546875
5 0.553125 0.184375 0.0234375 0.06875
5 0.51875 0.128125 0.015625 0.065625
5 0.671875 0.346875 0.0359375 0.1328125
3 0.46953125 0.10859375 0.0484375 0.05625
3 0.690625 0.74921875 0.18671875 0.4734375
5 0.56875 0.24375 0.0328125 0.08984375
5 0.5265625 0.36171875 0.03671875 0.09921875
5 0.55546875 0.27578125 0.03671875 0.084375
5 0.45234375 0.18046875 0.0265625 0.09375
5 0.59296875 0.28046875 0.025 0.09609375
5 0.84296875 0.93359375 0.075 0.1328125
5 0.46484375 0.190625 0.02109375 0.0765625
5 0.45078125 0.04375 0.01875 0.0671875
5 0.2484375 0.5671875 0.0453125 0.1328125
5 0.6421875 0.38671875 0.0328125 0.1
5 0.5609375 0.23203125 0.02734375 0.07265625
3 0.32890625 0.10859375 0.04609375 0.078125
5 0.56171875 0.20703125 0.028125 0.04375
3 0.415625 0.0421875 0.0359375 0.08359375
5 0.57890625 0.86796875 0.046875 0.175
5 0.67734375 0.48359375 0.0328125 0.07734375
5 0.6015625 0.5046875 0.03828125 0.14609375
5 0.56875 0.4625 0.03515625 0.1578125
5 0.62265625 0.45390625 0.02890625 0.13125
5 0.675 0.4375 0.0328125 0.10234375
5 0.60625 0.3875 0.03984375 0.08671875
5 0.57265625 0.37109375 0.03828125 0.103125
5 0.5265625 0.40625 0.03515625 0.1046875
5 0.78671875 0.7328125 0.07265625 0.24921875