3 0.19375 0.43125 0.109375 0.21953125
3 0.33046875 0.4078125 0.10234375 0.221875
3 0.5 0.49453125 0.12421875 0.2640625
5 0.25859375 0.8734375 0.07734375 0.25234375
3 0.278125 0.2390625 0.07265625 0.11875
3 0.47265625 0.26796875 0.075 0.1484375
6 0.64296875 0.8828125 0.2171875 0.22421875
5 0.08828125 0.88671875 0.0671875 0.21484375
5 0.259375 0.53828125 0.0484375 0.16953125
5 0.42421875 0.3859375 0.040625 0.1640625
5 0.6765625 0.5890625 0.046875 0.18984375
5 0.02265625 0.70078125 0.0453125 0.1921875
3 0.38671875 0.24609375 0.07890625 0.12109375
5 0.74609375 0.43046875 0.03671875 0.109375
5 0.61484375 0.665625 0.04765625 0.15078125
5 0.8171875 0.4875 0.05859375 0.1671875
5 0.7109375 0.6484375 0.04453125 0.18515625
5 0.6328125 0.55390625 0.04609375 0.17109375
5 0.73828125 0.53984375 0.05234375 0.12265625
5 0.86015625 0.95 0.0890625 0.1
5 0.13984375 0.72109375 0.075 0.25625
5 0.5421875 0.7234375 0.06015625 0.2375
5 0.7453125 0.878125 0.0640625 0.23671875
5 0.1359375 0.9734375 0.09296875 0.053125
5 0.70703125 0.45625 0.04765625 0.125
3 0.4671875 0.08671875 0.046875 0.090625
5 0.76171875 0.65703125 0.05078125 0.17734375
3 0.3046875 0.18125 0.05390625 0.10390625
5 0.81015625 0.734375 0.0625 0.21015625
5 0.5796875 0.61953125 0.04765625 0.20546875
5 0.39609375 0.77734375 0.0640625 0.259375
5 0.321875 0.671875 0.07265625 0.24765625
5 0.71328125 0.3375 0.03046875 0.1265625
5 0.553125 0.38359375 0.0265625 0.11875
5 0.53515625 0.18046875 0.0234375 0.0875
5 0.50703125 0.1703125 0.02421875 0.08359375
5 0.48671875 0.159375 0.02109375 0.0671875
5 0.61796875 0.47890625 0.03359375 0.12109375
5 0.64140625 0.43671875 0.02890625 0.10546875
5 0.63203125 0.3625 0.021875 0.0875
1 0.603125 0.29140625 0.146875 0.2390625
1 0.35234375 0.13671875 0.0421875 0.09375
1 0.4609375 0.1609375 0.0609375 0.0546875