3 0.7140625 0.87109375 0.21484375 0.2578125
3 0.34609375 0.84140625 0.230078125 0.316796875
3 0.79921875 0.41328125 0.103125 0.19375
3 0.61796875 0.68203125 0.148046875 0.35625
6 0.26953125 0.42578125 0.126953125 0.255078125
6 0.09375 0.79140625 0.1875 0.401171875
3 0.4390625 0.65546875 0.146484375 0.3078125
3 0.56640625 0.43515625 0.08125 0.159375
3 0.546875 0.3265625 0.071484375 0.171875
3 0.32578125 0.278125 0.065625 0.134765625
5 0.890625 0.7234375 0.05 0.18984375
5 0.80078125 0.73125 0.059375 0.2125
6 0.42265625 0.378125 0.13125 0.23828125
3 0.1640625 0.5625 0.155859375 0.300390625
5 0.63203125 0.275 0.03125 0.07578125
5 0.91484375 0.8015625 0.0578125 0.203125
5 0.79453125 0.62265625 0.0359375 0.161328125
5 0.734375 0.60390625 0.04375 0.1234375
5 0.65703125 0.3953125 0.0390625 0.08359375
5 0.7140625 0.53046875 0.03359375 0.104296875
6 0.53828125 0.18828125 0.0640625 0.165625
5 0.28828125 0.60078125 0.060546875 0.1625
5 0.5765625 0.2375 0.025 0.08671875
5 0.71875 0.6765625 0.050390625 0.162890625
5 0.6875 0.49140625 0.03828125 0.1140625
5 0.68984375 0.58125 0.0390625 0.15078125
5 0.2625 0.721875 0.08125 0.252734375
5 0.9046875 0.89921875 0.06015625 0.201171875
5 0.5171875 0.91875 0.07890625 0.162109375
3 0.3796875 0.14921875 0.046875 0.101953125
5 0.64765625 0.32734375 0.033203125 0.092578125
5 0.6640625 0.41640625 0.03984375 0.111328125
3 0.509375 0.109375 0.031640625 0.04296875
6 0.465625 0.04296875 0.033984375 0.048828125
5 0.309375 0.52421875 0.040625 0.176953125
5 0.60234375 0.315625 0.0265625 0.06328125
5 0.64375 0.3078125 0.02421875 0.087109375
5 0.73984375 0.34140625 0.026953125 0.073046875
3 0.5015625 0.0859375 0.027734375 0.03984375
5 0.83515625 0.8984375 0.0703125 0.203125
5 0.97578125 0.93828125 0.0453125 0.1234375
5 0.82890625 0.65 0.046875 0.131640625
5 0.540625 0.56484375 0.043359375 0.1890625
5 0.38828125 0.54453125 0.066796875 0.226953125