6 0.28359375 0.65703125 0.31171875 0.65703125
6 0.63671875 0.38203125 0.1078125 0.3015625
6 0.59765625 0.07578125 0.0453125 0.1140625
6 0.45390625 0.34921875 0.1015625 0.19921875
3 0.65703125 0.159375 0.0453125 0.06953125
5 0.54765625 0.26171875 0.03671875 0.1078125
5 0.784375 0.70859375 0.0796875 0.22890625
5 0.946875 0.75703125 0.053125 0.22890625
5 0.80703125 0.6140625 0.053125 0.17734375
5 0.7234375 0.2671875 0.03828125 0.09375
5 0.7890625 0.22109375 0.01953125 0.06875
5 0.72421875 0.16953125 0.02421875 0.07109375
5 0.75 0.15859375 0.0109375 0.0640625
3 0.8734375 0.97265625 0.13359375 0.0546875