3 0.14140625 0.7484375 0.233203125 0.47109375
3 0.38515625 0.78984375 0.19375 0.4203125
3 0.69296875 0.8453125 0.1953125 0.309375
3 0.646875 0.6109375 0.149609375 0.31484375
3 0.31484375 0.309375 0.082421875 0.172265625
3 0.55859375 0.328125 0.076953125 0.15546875
6 0.4296875 0.4359375 0.171875 0.422265625
3 0.42578125 0.1015625 0.046875 0.09765625
5 0.0203125 0.946875 0.040234375 0.105859375
5 0.6296875 0.33046875 0.034765625 0.1328125
3 0.2375 0.49375 0.146484375 0.23671875
5 0.51796875 0.92265625 0.06875 0.1484375
5 0.875 0.88046875 0.093359375 0.238671875