3 0.11796875 0.79765625 0.230078125 0.4046875
3 0.3421875 0.8625 0.199609375 0.274609375
3 0.59296875 0.90234375 0.1828125 0.1953125
3 0.61015625 0.7375 0.140625 0.355859375
3 0.59296875 0.54296875 0.1265625 0.233203125
3 0.565625 0.4171875 0.08671875 0.17265625
3 0.4015625 0.68359375 0.16875 0.30625
3 0.2140625 0.584375 0.141015625 0.2375
3 0.29765625 0.421875 0.116796875 0.200390625
3 0.41328125 0.45234375 0.120703125 0.207421875
3 0.53984375 0.33671875 0.073046875 0.148828125
3 0.5484375 0.26484375 0.069140625 0.0671875
3 0.4734375 0.16796875 0.04375 0.054296875
3 0.465625 0.12890625 0.03203125 0.044921875
3 0.38671875 0.1421875 0.04375 0.087890625
3 0.3703125 0.196875 0.04765625 0.078515625
3 0.34140625 0.27890625 0.073828125 0.13125
3 0.52109375 0.20234375 0.0484375 0.0828125
6 0.45234375 0.38671875 0.1046875 0.2203125
6 0.44609375 0.2421875 0.0828125 0.137890625
6 0.5140625 0.1265625 0.06015625 0.10390625
5 0.778125 0.521875 0.055859375 0.191015625
5 0.9421875 0.92421875 0.044140625 0.1515625
5 0.84609375 0.90703125 0.070703125 0.1546875
5 0.72734375 0.87109375 0.0625 0.201171875
5 0.8421875 0.7890625 0.06875 0.2
5 0.7984375 0.72109375 0.04140625 0.223046875
5 0.74296875 0.73359375 0.057421875 0.153125
5 0.72109375 0.659375 0.0359375 0.130859375
5 0.70078125 0.58984375 0.063671875 0.154296875
5 0.67890625 0.50859375 0.0296875 0.1
5 0.65390625 0.45625 0.0359375 0.1
5 0.63515625 0.40859375 0.0359375 0.083203125
5 0.60703125 0.34296875 0.028125 0.073046875
5 0.596875 0.221875 0.02421875 0.103515625
5 0.56015625 0.1625 0.01875 0.068359375
5 0.434375 0.11796875 0.01875 0.04375
5 0.43125 0.1546875 0.006640625 0.034375