3 0.2578125 0.40859375 0.099609375 0.198828125
3 0.41328125 0.40078125 0.094921875 0.219921875
6 0.4125 0.74609375 0.374609375 0.501953125
3 0.26953125 0.25625 0.079296875 0.14453125
3 0.41328125 0.20625 0.058203125 0.152734375
5 0.53671875 0.43984375 0.039453125 0.159375
3 0.0828125 0.7390625 0.165625 0.437109375
5 0.5390625 0.22578125 0.03515625 0.108203125
5 0.48515625 0.159375 0.0296875 0.093359375
3 0.340625 0.16015625 0.043359375 0.1125
3 0.6625 0.7984375 0.162109375 0.346875
3 0.40859375 0.0671875 0.061328125 0.134375
3 0.91875 0.940625 0.1625 0.11875
3 0.28359375 0.1734375 0.051171875 0.093359375
5 0.4859375 0.2390625 0.03125 0.11015625