3 0.0828125 0.7828125 0.165625 0.38671875
3 0.278125 0.80390625 0.19765625 0.39140625
3 0.48515625 0.7796875 0.1578125 0.40703125
3 0.69140625 0.6375 0.13125 0.28984375
3 0.5234375 0.55859375 0.11640625 0.265625
3 0.37109375 0.54375 0.13125 0.271875
3 0.20546875 0.53125 0.15859375 0.24609375
3 0.28359375 0.38203125 0.09140625 0.2078125
3 0.41015625 0.3328125 0.065625 0.134375
3 0.38125 0.4015625 0.09609375 0.103125
3 0.32421875 0.3 0.07890625 0.15234375
3 0.43359375 0.27421875 0.0625 0.12578125
3 0.50859375 0.20078125 0.0453125 0.115625
3 0.4375 0.20078125 0.0546875 0.065625
3 0.35390625 0.16015625 0.05 0.05234375
3 0.35078125 0.22890625 0.07734375 0.1140625
2 0.4015625 0.11015625 0.08515625 0.18359375
3 0.46328125 0.0984375 0.040625 0.059375
3 0.5203125 0.12109375 0.0375 0.075
3 0.48984375 0.15078125 0.0375 0.0765625
5 0.784375 0.9328125 0.0796875 0.13359375
5 0.91875 0.85546875 0.0953125 0.2265625
5 0.7453125 0.4703125 0.046875 0.1390625
5 0.6984375 0.4828125 0.0375 0.11015625
5 0.60078125 0.5046875 0.05078125 0.19375
5 0.46171875 0.475 0.059375 0.1953125
5 0.6640625 0.37578125 0.04375 0.1484375
5 0.56796875 0.34296875 0.04609375 0.13046875
5 0.609375 0.27109375 0.03359375 0.08671875
5 0.56640625 0.2765625 0.0234375 0.07890625
5 0.56796875 0.19453125 0.02578125 0.0703125
5 0.59140625 0.24140625 0.03203125 0.08828125