3 0.4234375 0.34140625 0.0921875 0.1828125
6 0.2703125 0.76875 0.50859375 0.45234375
3 0.471875 0.14453125 0.04765625 0.090625
5 0.778125 0.64921875 0.07109375 0.259375
5 0.615625 0.5515625 0.05703125 0.21953125
5 0.55 0.409375 0.0578125 0.18515625
3 0.29765625 0.2078125 0.05390625 0.1125
3 0.11640625 0.55625 0.1796875 0.490625
5 0.528125 0.8671875 0.078125 0.24609375
3 0.21484375 0.36328125 0.09296875 0.21015625
5 0.865625 0.93203125 0.090625 0.1296875
3 0.24765625 0.271875 0.07578125 0.16328125
3 0.3921875 0.52421875 0.103125 0.19921875
5 0.715625 0.88515625 0.0828125 0.21953125
6 0.4 0.19296875 0.08359375 0.25
5 0.68515625 0.65859375 0.05859375 0.25390625
3 0.321875 0.13671875 0.03515625 0.1