2 0.5046875 0.24609375 0.1359375 0.23828125
3 0.27109375 0.7890625 0.22265625 0.36484375
3 0.13046875 0.9234375 0.26015625 0.15234375
3 0.57734375 0.8875 0.1390625 0.225
3 0.48359375 0.70078125 0.13203125 0.325
3 0.4453125 0.4671875 0.1078125 0.190625
3 0.6921875 0.5171875 0.10234375 0.19296875
3 0.64609375 0.38359375 0.07421875 0.2
3 0.62890625 0.26796875 0.0484375 0.10703125
3 0.653125 0.17578125 0.04296875 0.05859375
3 0.6515625 0.2484375 0.05390625 0.06328125
3 0.75234375 0.3890625 0.08046875 0.1359375
3 0.72890625 0.31171875 0.06875 0.06640625
3 0.71796875 0.265625 0.059375 0.04765625
6 0.61484375 0.06953125 0.034375 0.08515625
3 0.5828125 0.17421875 0.03671875 0.084375
5 0.04609375 0.83828125 0.0921875 0.18671875
5 0.1203125 0.73671875 0.05625 0.15703125
5 0.20078125 0.60546875 0.034375 0.14296875
5 0.25625 0.521875 0.04296875 0.1421875
5 0.30703125 0.54375 0.0578125 0.1015625
5 0.325 0.46328125 0.0296875 0.12109375
5 0.375 0.44765625 0.03671875 0.1515625
5 0.43359375 0.56328125 0.0484375 0.1375
5 0.37734375 0.640625 0.0625 0.165625
5 0.37734375 0.7765625 0.03984375 0.14140625
5 0.37265625 0.90234375 0.1171875 0.1953125
5 0.61875 0.7296875 0.0609375 0.1390625
5 0.60078125 0.6328125 0.0328125 0.1078125
5 0.61796875 0.590625 0.03984375 0.14609375
5 0.53671875 0.46171875 0.04140625 0.15546875
5 0.55703125 0.51875 0.03828125 0.10546875
5 0.6671875 0.725 0.04921875 0.18671875
5 0.57734375 0.415625 0.02109375 0.1125
5 0.5953125 0.47109375 0.03984375 0.140625
5 0.553125 0.31640625 0.03125 0.1125
5 0.58828125 0.26953125 0.01953125 0.05859375
5 0.5671875 0.24296875 0.025 0.03046875
5 0.5765625 0.31640625 0.01875 0.0796875
5 0.72578125 0.74375 0.0375 0.1296875
5 0.71484375 0.8921875 0.0671875 0.21484375
5 0.8640625 0.940625 0.05703125 0.10234375
5 0.92578125 0.915625 0.03984375 0.16875
5 0.92734375 0.78515625 0.0390625 0.14765625
5 0.9765625 0.82578125 0.046875 0.2578125
5 0.91953125 0.684375 0.0671875 0.1125
5 0.9578125 0.571875 0.046875 0.18671875
5 0.89609375 0.5765625 0.04765625 0.10546875
5 0.8875 0.50390625 0.03828125 0.071875
5 0.8625 0.45234375 0.02109375 0.0671875
5 0.8421875 0.328125 0.0328125 0.1
5 0.80078125 0.2984375 0.0265625 0.05859375
5 0.80703125 0.3703125 0.028125 0.07578125
5 0.815625 0.48828125 0.034375 0.103125
5 0.67421875 0.6109375 0.04765625 0.15234375
5 0.78671875 0.7078125 0.0359375 0.10234375
5 0.8546875 0.746875 0.0484375 0.20546875
5 0.83671875 0.63359375 0.05703125 0.13828125
5 0.778125 0.58984375 0.03515625 0.09609375
5 0.75625 0.4453125 0.0453125 0.15390625
5 0.78984375 0.87265625 0.046875 0.22578125
5 0.84765625 0.4140625 0.03203125 0.0875
5 0.7796875 0.22265625 0.04375 0.0734375
5 0.6953125 0.1671875 0.025 0.06640625