3 0.799491128125 1 0.9209953843750001 0.9992491875 0.9234375 0.98724211875 0.9234375 0.9562633234375 0.9149421156249999 0.776846590625 0.8798331562499999 0.6534699671875 0.8719639078125001 0.64291801875 0.852593446875 0.6364245125 0.7775329140625 0.6283076296875 0.766031703125 0.6583400968750001 0.753925165625 0.7687297078124999 0.7490825515624999 0.7735998375 0.7502932046875 0.8369115265625 0.7442399359375 0.838534903125 0.74242395625 0.8231128249999999 0.7381866671874999 0.8482751625 0.7381866671874999 0.861262175 0.748477225 0.8653206171875001 0.751503859375 0.875872565625 0.7623997421875 0.99275568125 0.7894124546875 1 0.799491128125 1
3 0.742414496875 0.47296063281249995 0.742414496875 0.5265320609375 0.758152996875 0.5314021906249999 0.77489963125 0.5859375 0.7753275703125 0.5859375 0.788419340625 0.5476359578125 0.8077897999999999 0.5281554374999999 0.8120270875 0.5046164765625 0.8235282984375001 0.5102982953125 0.8235282984375001 0.5314021906249999 0.8326082015624999 0.5646814124999999 0.8359375 0.5551150859375 0.8359375 0.5435775140625 0.8295815671875 0.481077515625 0.818685684375 0.43886972343749997 0.8023418578125 0.425071021875 0.768443553125 0.42020089218749995 0.754521034375 0.43562297031249997 0.742414496875 0.47296063281249995
3 0.7431030578125 0.46687297031249997 0.7606575375 0.42223011250000003 0.8015625 0.42143518750000003 0.8015625 0.412743509375 0.8000037828125001 0.397067775 0.7909238796875 0.3735288140625 0.749761653125 0.35404829375 0.735839134375 0.36622361875 0.7309965203125001 0.44901582656250005 0.7431030578125 0.46687297031249997
3 0.5052606703125 0.8720677765625 0.48891684375000005 0.8907366078125 0.451386578125 0.9962560874999999 0.580718525 0.9984375 0.644057078125 0.9984375 0.6453125 0.9908621734375 0.6453125 0.9829025421875001 0.639037909375 0.9702820624999999 0.6317739875 0.91508725625 0.6214834296875 0.8980418015625 0.5706359734374999 0.880184659375 0.5185778609375 0.8720677765625 0.5052606703125 0.8720677765625
3 0.6142857140625 0.6167106343750001 0.574334140625 0.6134638812500001 0.55920096875 0.6288859578125 0.530145278125 0.7587560890625 0.52288135625 0.7733664765625 0.5156174328125 0.8658989437500001 0.519854721875 0.8715807640625 0.586440678125 0.8829443984375 0.6227602906249999 0.8975547890625 0.6306295390625001 0.912976865625 0.6403147703125 0.9697950499999999 0.649800025 0.9796875 0.65175923125 0.9796875 0.657263921875 0.9649249187500001 0.6621065374999999 0.8691456984375 0.67239709375 0.8634638796875 0.6748184015625001 0.85210024375 0.6808716703125001 0.855346996875 0.6828125 0.8517035312499999 0.6828125 0.8487552015625001 0.674213075 0.8415482953125 0.6766343828125 0.8123275171875 0.6828125 0.798520359375 0.6828125 0.7757102234375 0.6826876515625 0.7733664765625 0.6657384984375 0.7668729703125 0.663317190625 0.6921976453124999 0.6512106531249999 0.6353794640625 0.64213075 0.6264508921874999 0.6142857140625 0.6167106343750001
3 0.5613063703125001 0.5421875 0.5546875 0.547835421875 0.5546875 0.548348728125 0.5552531015625 0.5551745125 0.5679649671875 0.564103084375 0.5655436593750001 0.6160511359374999 0.6145751359375 0.6152394484375 0.6574524562499999 0.6359375 0.660037271875 0.6359375 0.6623959593750001 0.5900771109375 0.675 0.5685669078125 0.675 0.566924828125 0.6648172671875 0.56085633125 0.65755334375 0.4796875 0.6133644828125 0.46588879843750003 0.5915727140625 0.467512175 0.571596928125 0.554362825 0.5613063703125001 0.5421875
3 0.65676641875 0.47755681718750004 0.6634250140625 0.5140827921875 0.6715464843750001 0.51875 0.672029303125 0.51875 0.678125 0.509213928125 0.678125 0.4098636 0.6706889375 0.3712256484375 0.6628196875000001 0.359050325 0.62044680625 0.350933440625 0.6016816734375 0.40856331093750003 0.599260365625 0.4588879875 0.65676641875 0.47755681718750004
3 0.66658595625 0.3605012171875 0.676849590625 0.3953125 0.6769275875 0.3953125 0.680508475 0.38891030781249997 0.6828125 0.307038884375 0.6828125 0.30221083125 0.6768765140624999 0.26878043749999997 0.6617433421875 0.2566051125 0.6338983046875 0.2566051125 0.6199757875 0.3012479703125 0.6175544796875 0.3499492703125 0.66658595625 0.3605012171875
3 0.682990315625 0.250679790625 0.68601695 0.2839590109375 0.6969128328124999 0.282335634375 0.7017554484375 0.2904525171875 0.7138619859374999 0.2872057640625 0.724596134375 0.3 0.7253329328125 0.3 0.7441283296875 0.2936992703125 0.7550923125 0.3 0.7575892859375 0.3 0.7641041171875 0.291264203125 0.7671875 0.25818791406249997 0.7671875 0.251812771875 0.7604721546875 0.24580965781250003 0.7501815984375 0.21902394374999998 0.7211259078125 0.21253043749999997 0.6902542375 0.2182122578125 0.6902542375 0.232822646875 0.682990315625 0.250679790625
3 0.33466820468749997 0.891020696875 0.3376948390625 0.88046875 0.3165083984375 0.88615056875 0.2487117890625 0.8634232953125001 0.21481348281249998 0.8634232953125001 0.1924163890625 0.8950791406249999 0.152464815625 0.9746245953124999 0.1452008921875 0.997351865625 0.15059839531250002 0.9984375 0.34711019374999996 0.9984375 0.3484375 0.9930981109375001 0.3484375 0.9723713187499999 0.34616941562500003 0.947027190625 0.34011614687499997 0.947027190625 0.33648418593749996 0.8950791406249999 0.329825590625 0.8991375828124999 0.328009609375 0.8918323859375 0.33466820468749997 0.891020696875
3 0.27659655 0.61301745 0.259647396875 0.6747057640625 0.2318023609375 0.74451095625 0.2245384375 0.7932122578125 0.2245384375 0.84191355625 0.231197034375 0.8573356343749999 0.23603964843749997 0.84434861875 0.251778146875 0.8362317375 0.273569915625 0.8118810859375 0.283860471875 0.7964590109375 0.2862817796875 0.7591213484375 0.300204296875 0.7518161515624999 0.31049485468750004 0.7672382296875 0.32139073906250004 0.8711343328125001 0.3304706421875 0.8768161515624999 0.34499848593750004 0.86707589375 0.3546837171875 0.8703226468749999 0.3637636203125 0.8922382296875 0.36134231250000004 0.8987317375 0.36679025468750004 0.9076603078125001 0.3722381953125 0.90684861875 0.37950211875 0.8987317375 0.39160865624999996 0.8289265406249999 0.398872578125 0.8159395281249999 0.3964512703125 0.8013291390624999 0.40916313593750003 0.7696732953125001 0.4146110765625 0.78671875 0.41340042343750005 0.7023031640624999 0.42308565312499996 0.6958096578124999 0.4328125 0.6697240250000001 0.4328125 0.602504059375 0.421875 0.5497057640625 0.4103737890625 0.532660309375 0.3389452171875 0.5196732953125001 0.3195747578125 0.534283684375 0.3044415859375 0.5561992703125 0.27659655 0.61301745
3 0.32721511875 0.5083400984375 0.328425771875 0.5213271109375001 0.37019332656250004 0.5221388 0.41740882187499995 0.5367491890625 0.43375265 0.5862621765625 0.44106196875 0.5890625 0.44256015625 0.5890625 0.44706983906250003 0.5830154234375 0.45 0.5489634125 0.45 0.4622662125 0.443437878125 0.4109375 0.43920059062499994 0.40363230625 0.4246727453125 0.400385553125 0.378667903125 0.3987621765625 0.34416427031249996 0.4482751625 0.32721511875 0.5083400984375
3 0.425648834375 0.38103693125000004 0.4268594890625 0.3988940734375 0.43836069999999994 0.40457589218749995 0.4438086421875 0.41512783906250006 0.44986191093750005 0.471946021875 0.462534053125 0.478125 0.46372641562499994 0.478125 0.47165367812500003 0.47356939843749996 0.4764962921875 0.450842125 0.4922347921875 0.43785511250000003 0.5043413296875 0.41512783906250006 0.5055519828125 0.3988940734375 0.5171875 0.3879725546875 0.5171875 0.3801618234375 0.514026559375 0.3307122546875 0.5037360015625 0.31853693125000004 0.47831227343749994 0.31204342343749997 0.4553098515625 0.31853693125000004 0.4425979875 0.3355823859375 0.425648834375 0.38103693125000004
2 0.49296875 0.26328125 0.094921875 0.190625
5 0.09921875 0.86953125 0.121875 0.2609375
5 0.13984375 0.778125 0.0890625 0.23828125
5 0.196875 0.703125 0.08125 0.234375
5 0.240625 0.6203125 0.077734375 0.21484375
5 0.29375 0.83125 0.091015625 0.177734375
5 0.42890625 0.8734375 0.076953125 0.253125
5 0.4421875 0.73828125 0.068359375 0.194921875
5 0.490625 0.671875 0.050390625 0.253515625
5 0.4875 0.54140625 0.065234375 0.1796875
5 0.515625 0.4890625 0.0625 0.196484375
5 0.56015625 0.4171875 0.0359375 0.166015625
5 0.72265625 0.89453125 0.059375 0.210546875
5 0.71796875 0.8046875 0.05625 0.174609375
5 0.7171875 0.71640625 0.05390625 0.1578125
5 0.7078125 0.57890625 0.037890625 0.179296875
5 0.74453125 0.60078125 0.038671875 0.1359375
1 0.7320484453125 0.3616117546875 0.79037994375 0.36456335 0.8112912375000001 0.42654682031249996 0.8289007453125 0.4944334796875 0.8300013406250001 0.5637959343750001 0.7672674640625 0.5844570921875001 0.770569246875 0.6287309984375 0.87292451875 0.6420131718750001 0.915847696875 0.783689678125 0.9213299609375 0.996875 0.9282565640625 0.996875 0.996875 0.9888740359374999 0.996875 0.8776386234375 0.9961910843749999 0.695141859375 0.9730786015625 0.64939215625 0.924652453125 0.74827055 0.9180488859375 0.5475621687500001 0.8894334328125 0.5254252140625 0.861918575 0.4663933375 0.8255989625 0.3261926296875 0.8344037171875 0.2730639375 0.8027575421875 0.1984375 0.8020866734375 0.1984375 0.7738710296875 0.2435480015625 0.765066275 0.2937250953125 0.7023324 0.30110408125 0.69242705 0.45606275937499996 0.7287466625000001 0.45606275937499996 0.7320484453125 0.3616117546875