3 0.41796875 0.79375 0.185546875 0.4125
3 0.0796875 0.7921875 0.158984375 0.405859375
3 0.16796875 0.53671875 0.14375 0.230078125
3 0.65 0.62421875 0.134375 0.316796875
3 0.18359375 0.3734375 0.117578125 0.19765625
3 0.553125 0.3375 0.087890625 0.21171875
3 0.3828125 0.29609375 0.07265625 0.1375
3 0.28671875 0.21796875 0.060546875 0.117578125
3 0.26640625 0.27578125 0.071875 0.136328125
3 0.3890625 0.22734375 0.06640625 0.1046875
3 0.3984375 0.48984375 0.121484375 0.225
3 0.409375 0.946875 0.203515625 0.10625
3 0.47109375 0.1875 0.05625 0.09296875
5 0.63203125 0.40078125 0.04375 0.130078125
5 0.76640625 0.628125 0.0578125 0.165625
5 0.6859375 0.35234375 0.034375 0.126171875
5 0.18671875 0.92421875 0.06875 0.145703125
5 0.5578125 0.76484375 0.05390625 0.2453125
5 0.26796875 0.39921875 0.0359375 0.14375
3 0.51171875 0.23515625 0.0640625 0.126171875
5 0.475 0.1125 0.02421875 0.069140625
5 0.771875 0.72265625 0.055859375 0.1875
3 0.35 0.0375 0.04375 0.075
5 0.48203125 0.4609375 0.046875 0.171875
5 0.68203125 0.45703125 0.051171875 0.1140625
5 0.48984375 0.50546875 0.040625 0.138671875
5 0.2859375 0.4859375 0.043359375 0.16875
5 0.83359375 0.85625 0.076171875 0.274609375
5 0.52109375 0.171875 0.019921875 0.065234375
5 0.71796875 0.55546875 0.044921875 0.170703125
5 0.56015625 0.5125 0.036328125 0.1375
5 0.8453125 0.92578125 0.075 0.1484375
5 0.31484375 0.409375 0.036328125 0.134375
5 0.45859375 0.309375 0.033203125 0.121484375
5 0.4375 0.06015625 0.021484375 0.05
5 0.21640625 0.85234375 0.059375 0.2765625
5 0.6109375 0.321875 0.034765625 0.10078125
5 0.6328125 0.3125 0.025 0.112890625
5 0.55078125 0.2078125 0.0171875 0.065625
3 0.32109375 0.1015625 0.041796875 0.07734375
5 0.2421875 0.72890625 0.059375 0.210546875
5 0.590625 0.83046875 0.078125 0.221875
5 0.54609375 0.19921875 0.0171875 0.063671875
5 0.48046875 0.30078125 0.0296875 0.129296875
5 0.5484375 0.4578125 0.037890625 0.15859375
5 0.32890625 0.2515625 0.025 0.080859375
5 0.265625 0.63359375 0.059765625 0.18125
5 0.45625 0.05234375 0.01796875 0.05
5 0.35234375 0.15625 0.023828125 0.065625
5 0.7328125 0.83125 0.065234375 0.21953125
5 0.446875 0.05859375 0.01953125 0.053125
5 0.33515625 0.20703125 0.023828125 0.0671875
5 0.31796875 0.3390625 0.03125 0.096484375
3 0.33046875 0.06875 0.035546875 0.03125
5 0.33828125 0.14453125 0.0265625 0.0765625
5 0.38359375 0.1109375 0.03125 0.090625
5 0.71171875 0.9421875 0.079296875 0.115625
5 0.47421875 0.26796875 0.025 0.069921875