3 0.396875 0.8015625 0.172265625 0.396484375
3 0.153125 0.83125 0.184765625 0.3375
3 0.2203125 0.5234375 0.09609375 0.209765625
3 0.39921875 0.53203125 0.103125 0.248046875
3 0.253125 0.39375 0.069140625 0.134375
3 0.5703125 0.578125 0.153125 0.249609375
3 0.2578125 0.2875 0.053515625 0.10625
3 0.33515625 0.19375 0.0359375 0.078515625
3 0.359375 0.43046875 0.075390625 0.132421875
3 0.353125 0.32265625 0.062109375 0.115625
3 0.28125 0.19375 0.037890625 0.078515625
5 0.4109375 0.32421875 0.024609375 0.1015625
5 0.45546875 0.4328125 0.029296875 0.125390625
3 0.29375 0.13515625 0.03125 0.055078125
5 0.5 0.40234375 0.037890625 0.128125
5 0.46640625 0.334375 0.021875 0.10703125
5 0.41328125 0.25078125 0.025 0.0734375
5 0.36875 0.22890625 0.01875 0.091796875
5 0.390625 0.21640625 0.03046875 0.084375