3 0.5390625 0.803125 0.18125 0.39375
3 0.2515625 0.4640625 0.12265625 0.231640625
3 0.1578125 0.6828125 0.19765625 0.365234375
3 0.328125 0.78203125 0.19921875 0.432421875
3 0.54140625 0.47265625 0.108203125 0.235546875
3 0.303125 0.37109375 0.083984375 0.157421875
5 0.75234375 0.4734375 0.045703125 0.15
5 0.79765625 0.59765625 0.0515625 0.209375
3 0.37421875 0.2296875 0.0578125 0.11640625
3 0.41015625 0.42109375 0.101171875 0.251953125
5 0.828125 0.84453125 0.08125 0.21875
3 0.53359375 0.3046875 0.076953125 0.125390625
5 0.140625 0.91328125 0.083984375 0.170703125
3 0.33828125 0.2953125 0.0671875 0.13515625
5 0.68671875 0.87421875 0.069921875 0.251171875
3 0.52109375 0.38046875 0.08125 0.141796875
5 0.6921875 0.390625 0.037890625 0.121875
5 0.47109375 0.6078125 0.05625 0.21875
5 0.69375 0.74140625 0.047265625 0.171875
5 0.63671875 0.27890625 0.035546875 0.108203125
5 0.5109375 0.14453125 0.021875 0.0796875
5 0.54609375 0.17421875 0.026171875 0.0890625
5 0.66015625 0.32109375 0.03125 0.088671875
5 0.51953125 0.05390625 0.023046875 0.0453125
5 0.50234375 0.23359375 0.026953125 0.061328125
5 0.40078125 0.9640625 0.075 0.071484375
3 0.44296875 0.040625 0.0375 0.05546875
5 0.6 0.36875 0.034765625 0.11875
5 0.5109375 0.2359375 0.02734375 0.0625
6 0.43984375 0.23828125 0.075 0.216796875
5 0.709375 0.6125 0.04921875 0.221875
5 0.628125 0.746875 0.050390625 0.144140625
5 0.55546875 0.56171875 0.048828125 0.103125
5 0.65703125 0.390625 0.032421875 0.119140625
3 0.39375 0.1296875 0.040625 0.04140625
5 0.60546875 0.31953125 0.026171875 0.079296875
5 0.51796875 0.1453125 0.021875 0.081640625
3 0.3921875 0.146875 0.04375 0.06953125
5 0.62265625 0.45625 0.039453125 0.1375
5 0.1828125 0.96640625 0.07734375 0.066796875
5 0.48828125 0.11015625 0.016796875 0.061328125
5 0.7734375 0.9015625 0.062890625 0.196484375