3 0.366461234375 0.6178436921875 0.38798039375000004 0.6857020078125 0.38798039375000004 0.7217968203125 0.4054250546875 0.7328125 0.40649858281249995 0.7328125 0.454689759375 0.6192875203125 0.4578125 0.5606234859375 0.4578125 0.538223790625 0.42671486718749996 0.532659971875 0.425638925 0.49512133281250004 0.351508834375 0.4767256671875 0.3288027046875 0.5138906234375 0.3040556359375 0.6034057703125 0.366461234375 0.6178436921875
3 0.42771452343750005 0.5387931046875 0.5066829546875 0.5578125 0.5122323468750001 0.5578125 0.5374622890625 0.5070296578125 0.5484375 0.4280378546875 0.5484375 0.4192484796875 0.5234748046875 0.3438811171875 0.4698075828125 0.33999852812500003 0.4610692890625 0.38719489375 0.44062607031249995 0.44061522656249996 0.42125879218750006 0.47526626875 0.42771452343750005 0.5387931046875
3 0.1861087765625 0.8102402140624999 0.16996940625 0.8651042609375 0.148450246875 0.932962571875 0.20977990468750002 0.9618384234375 0.251356371875 0.9953125 0.308949934375 0.9953125 0.32167955312499996 0.9950455859374999 0.3953125 0.79457025 0.3953125 0.7635389046875 0.393768709375 0.688961621875 0.362565909375 0.623990959375 0.2873491578125 0.6033603656250001 0.277565209375 0.5994465859375 0.21623563437499999 0.7221688921875 0.1861087765625 0.8102402140624999
3 0.5471040984375 0.4265625 0.5474554859375 0.4265625 0.553125 0.359179446875 0.553125 0.3120201171875 0.5516971875000001 0.29158368281249997 0.502203134375 0.28292089374999996 0.48713970624999997 0.3089092046875 0.480683975 0.337785053125 0.5258742609375 0.372436040625 0.5471040984375 0.4265625
3 0.5703125 0.821433296875 0.5703125 0.8250392515625 0.6260291109375 0.8375 0.62836444375 0.8375 0.662612959375 0.7470225515625 0.7 0.7283886296875 0.7 0.7234444703125 0.6948917015625 0.632962978125 0.6895119109375 0.5578857578124999 0.6550811249999999 0.5362288703125 0.6152707109375 0.5391164640625 0.58299196875 0.6271878953125001 0.5703125 0.821433296875
3 0.6409853703125 0.45582670937499997 0.6388333234375 0.5294601578125 0.6915553640625001 0.5554485234375 0.6947832703125 0.620419184375 0.729774790625 0.625 0.7375 0.625 0.7375 0.578689834375 0.73566954375 0.5164660046875 0.72921389375 0.457270534375 0.71630243125 0.4226194921875 0.65836254375 0.4060671328125 0.6409853703125 0.45582670937499997
3 0.6189379734375 0.4831054828125 0.6295923859375 0.4890625 0.6322726328125 0.4890625 0.6609002703125 0.4036968953125 0.7017867078125 0.4152472234375 0.7078125 0.39098943125 0.7078125 0.3880528984375 0.6964069187499999 0.3560517546875 0.6964069187499999 0.3315072703125 0.6484181125 0.308511228125 0.6383050875 0.3531641578125 0.6232417390625 0.419578590625 0.6189379734375 0.4831054828125
3 0.8007207359375 0.562853715625 0.8254678015625 0.5700726765625 0.8308475921875 0.6480373828125 0.8598984265625 0.6480373828125 0.866354240625 0.6061674906250001 0.866354240625 0.5729601640624999 0.8859375 0.5771094484375 0.8859375 0.5648301484375 0.8814175859375 0.4993267125 0.8760377953124999 0.4632319015625 0.8071765484375 0.44590643593749996 0.81040445625 0.48633261406250006 0.8068250453125 0.48201093906250003 0.8007207359375 0.562853715625
3 0.7349469390625 0.2953125 0.740625 0.2953125 0.740625 0.23081375624999997 0.737774390625 0.20021222343749998 0.7033436015625 0.194437003125 0.701360809375 0.234647425 0.6979638125000001 0.28683974375 0.7349469390625 0.2953125
3 0.623886809375 0.384375 0.6431845359375 0.33258509531249997 0.650716209375 0.3094844375 0.69375 0.3221603078125 0.69375 0.318773175 0.6851468328125 0.2892713203125 0.6819189265625 0.2647268921875 0.6422677765625 0.2612477359375 0.6205893515625001 0.334028921875 0.623805334375 0.384375 0.623886809375 0.384375
3 0.7171875 0.9808177640625001 0.71072243125 0.8791927703125 0.5611641671875 0.853204571875 0.5322559578125 0.996875 0.7171875 0.996875 0.7171875 0.9808177640625001
3 0.2453125 0.9984375 0.2453125 0.9983912015625 0.243491696875 0.9912936203125 0.1606429625 0.9364294609374999 0.10906777812499999 0.9271712671874999 0.0730434828125 0.9984375 0.2453125 0.9984375
3 0.6190705703125 0.3203125 0.6191619140625 0.3203125 0.6470454625000001 0.2627493703125 0.6857800171874999 0.2670807375 0.6717925296875 0.2367611171875 0.638324309375 0.2369052859375 0.6190705703125 0.280074890625 0.6190705703125 0.3203125
2 0.5023262421875 0.2837244046875 0.5507443546874999 0.289499540625 0.558152696875 0.340625 0.5585090234375001 0.340625 0.5765625 0.27467827031250003 0.5765625 0.22794756249999998 0.5754913375 0.18554655312499999 0.5227693796875 0.1739961671875 0.4949260609375 0.2362234328125 0.48618687187500004 0.2707302484375 0.48403490781249997 0.31837539062500003 0.5023262421875 0.2837244046875
6 0.7015625 0.06128168125 0.6459367109375 0.050526709375 0.63797930625 0.1582041609375 0.6868295734375 0.165625 0.6950936984375 0.165625 0.7015625 0.07510371875 0.7015625 0.06128168125
3 0.6890625 0.2001217515625 0.6519442828125 0.1751097515625 0.6429099609375 0.21174866093750003 0.680583815625 0.2328125 0.6817790234375 0.2328125 0.6890625 0.2006996171875 0.6890625 0.2001217515625
5 0.055965260937500004 0.9984375 0.054986971875 0.9892482593749999 0.096875 0.9063411984374999 0.096875 0.894288740625 0.088341653125 0.8217682390625001 0.054986971875 0.7871173109375 0.0280880203125 0.8260996609375001 0.011948651562499999 0.983473065625 0.053515051562500006 0.9984375 0.055965260937500004 0.9984375
5 0.1032406390625 0.9234375 0.10363518281249999 0.9234375 0.1578125 0.8675154328125 0.1578125 0.8493117515625 0.1538806328125 0.8039377578125 0.1452729359375 0.7476298296875 0.1334374140625 0.69276578125 0.12395038750000001 0.6734375 0.12375893125 0.6734375 0.102234615625 0.7591802140625 0.0860952453125 0.763511525 0.09039909375 0.790943603125 0.0796395140625 0.8169319140625 0.088247209375 0.8515829546875 0.1032406390625 0.9234375
5 0.17725405624999999 0.8265625 0.1784424078125 0.8265625 0.213286425 0.7358843046875 0.2265625 0.69770993125 0.2265625 0.6163501015625 0.2036861265625 0.56475906875 0.1885393578125 0.587173634375 0.1992989375 0.6102742937500001 0.168096221875 0.7431032671875 0.168096221875 0.7965235453124999 0.17725405624999999 0.8265625
5 0.24023394687500002 0.665625 0.241376553125 0.665625 0.2859375 0.5960961375 0.2859375 0.5922834578125 0.272945190625 0.562780015625 0.237796471875 0.53785354375 0.222375196875 0.552673346875 0.23743854375 0.6234192015625 0.22883092968750002 0.6364133 0.24023394687500002 0.665625
5 0.5036673640625 0.9703125 0.5390625 0.818047359375 0.5390625 0.808912 0.52181854375 0.7326893203125 0.49169176718749996 0.7240265875 0.472452490625 0.8620707812499999 0.47878022187499997 0.9608085781250001 0.5020517921875001 0.9703125 0.5036673640625 0.9703125
5 0.5448070656249999 0.75 0.5686380078125 0.681047078125 0.5375739296875001 0.5467484796875001 0.5126882234375 0.5958632984375 0.483637309375 0.6868222687500001 0.5433957953124999 0.75 0.5448070656249999 0.75
5 0.45443631875 0.86875 0.469473253125 0.7765097671875 0.4703125 0.7123178703125 0.4703125 0.6932872671875 0.45765531875 0.64375 0.457529421875 0.64375 0.4350425484375 0.6581187703125 0.4234375 0.7430594625 0.4234375 0.7483250484374999 0.4307386984375 0.8616935437500001 0.453876965625 0.86875 0.45443631875 0.86875
5 0.43100981562499996 0.9828125 0.4421875 0.89009210625 0.4421875 0.8776473203125 0.43097776718749997 0.7477401296874999 0.40838266562500003 0.7361898546875 0.384711621875 0.8300363671875 0.3986990265625 0.8733501421875 0.43089956249999994 0.9828125 0.43100981562499996 0.9828125
5 0.42008367187499995 1 0.41471733125 0.9325850265625 0.3801302953125 0.8591155781250001 0.379210765625 0.8315195531249999 0.36091943125000003 0.8286319015625001 0.35231181562499997 0.8777208703125 0.31788110937499997 0.99322426875 0.4176101671875 1 0.42008367187499995 1
5 0.6202410359375 0.5255556453125 0.5859570890625 0.43535401093750004 0.5599873203125 0.4836856390625 0.5771811453125 0.625 0.5772793078125 0.625 0.6202410359375 0.5255556453125
5 0.60625 0.42781340312499994 0.5948353140625 0.34174627343749997 0.5712849546875 0.40590817812499996 0.596640203125 0.4484375 0.59754633125 0.4484375 0.60625 0.432865346875 0.60625 0.42781340312499994
5 0.5860674718750001 0.3288451015625 0.6045619 0.3484375 0.6059037109375 0.3484375 0.5905189734375 0.2961103921875 0.5860674718750001 0.3288451015625
5 0.7984375 0.25138744687500003 0.7866561328125 0.21127284687499998 0.7743715734375 0.22483081875000002 0.7817859234375 0.2703125 0.7826183624999999 0.2703125 0.7984375 0.2543921671875 0.7984375 0.25138744687500003
5 0.8171875 0.9953125 0.8171875 0.9941688046875001 0.7952772125 0.8990402015625 0.7671208078125 0.9256081500000001 0.73699395 0.9862473906250001 0.809374846875 0.9953125 0.8171875 0.9953125
5 0.8953125 0.99375 0.8953125 0.9811250859375 0.8920570343750001 0.9374420750000001 0.85728026875 0.8325850359375 0.8188918578125 0.89557218125 0.8135120671875 0.99375 0.8953125 0.99375
5 1 0.961501121875 0.9682268562499999 0.8515856421875 0.9120668921874999 0.966921140625 0.9961514703125 0.9859375 1 0.9859375 1 0.961501121875
5 0.9125 0.8086532203125 0.884515665625 0.69878089375 0.8447052515625 0.7825209015625 0.885389159375 0.921875 0.8857685546875 0.921875 0.9125 0.8170237546875001 0.9125 0.8086532203125
5 0.834375 0.7633773640625 0.834375 0.7582218609375 0.8089248781249999 0.6156850640625 0.7813040875 0.65834038125 0.7877599 0.7839503359375 0.805274359375 0.8046875 0.8066680203125 0.8046875 0.834375 0.7633773640625
5 0.7117045375 0.8198939890625001 0.7504390921875 0.8198939890625001 0.779489925 0.76069851875 0.7482872078125 0.596106153125 0.7460395703125 0.6137301515625 0.723540140625 0.6654082359375 0.7117045375 0.8198939890625001
5 1 0.7850513671875 0.9881484703125001 0.7759066890625 0.9473175921875001 0.842833521875 0.996883709375 0.9390625 0.997914484375 0.9390625 1 0.7879419171875 1 0.7850513671875
5 0.9295240796875 0.9203125 0.9547796953125 0.868065828125 0.9609375 0.7881913734375 0.9609375 0.7823627359375 0.9493999046875 0.7063610015624999 0.9235106999999999 0.680995609375 0.9 0.7350203234375 0.9 0.73584096875 0.9287737109374999 0.9203125 0.9295240796875 0.9203125
5 0.8953125 0.7166180843750001 0.8953125 0.6303543 0.871083134375 0.5921875 0.87072124375 0.5921875 0.8484375 0.7018278765625 0.8484375 0.7101259468750001 0.8503658703125 0.7722296937500001 0.8697752078125 0.7859375 0.8710644046875 0.7859375 0.8953125 0.7166180843750001
5 0.990625 0.6563781625 0.990625 0.6225784234375 0.9864057015625001 0.543002740625 0.952299784375 0.58417484375 0.9458439703125 0.71555988125 0.96832581875 0.7375 0.96981275625 0.7375 0.990625 0.6563781625
5 0.95625 0.6631001015625 0.95625 0.6531669109375 0.9371541921875 0.611688671875 0.9000975531250001 0.6897149359375 0.9011424124999999 0.75 0.90434718125 0.75 0.9495916875000001 0.724365978125 0.95625 0.6631001015625
5 0.759375 0.5875 0.031640625 0.11328125
5 0.77109375 0.47109375 0.026171875 0.0796875
5 0.8671875 0.3265625 0.02890625 0.08359375
5 0.846875 0.28828125 0.024609375 0.0890625
5 0.8265625 0.2484375 0.027734375 0.074609375
5 0.76328125 0.25625 0.0234375 0.068359375
5 0.71171875 0.28671875 0.028125 0.092578125
5 0.74140625 0.384375 0.042578125 0.068359375
5 0.75390625 0.446875 0.045703125 0.044140625
5 0.7453125 0.4078125 0.0375 0.04375
5 0.75859375 0.46484375 0.036328125 0.0421875
5 0.8234375 0.3984375 0.031640625 0.08125
5 0.8171875 0.35859375 0.031640625 0.073828125
5 0.76875 0.28671875 0.03046875 0.0640625
5 0.75859375 0.2375 0.030078125 0.049609375
5 0.74296875 0.33125 0.0375 0.06796875
5 0.70859375 0.28984375 0.038671875 0.107421875
5 0.78359375 0.55859375 0.0375 0.126953125
5 0.7859375 0.35703125 0.01875 0.0390625
5 0.78046875 0.42265625 0.026171875 0.0578125
5 0.8046875 0.8502557968750001 0.8046875 0.8431147484375 0.75995956875 0.79738605 0.724452921875 0.9056704859375 0.7223237453125 0.9828125 0.7231298546875 0.9828125 0.8008460062499999 0.9056704859375 0.8046875 0.8502557968750001
5 0.846695246875 0.8386121796875001 0.8132556093750001 0.75146431875 0.772454209375 0.8212867140625001 0.8110774265625 0.8703125 0.8138270890625 0.8703125 0.846695246875 0.8386121796875001
5 0.709375 0.78663420625 0.709375 0.7659856984375 0.6985906046875 0.7221774125 0.661305015625 0.754445403125 0.6257983671875 0.8454042640624999 0.6984759796875 0.871875 0.7012075421875 0.871875 0.709375 0.78663420625