3 0.51953125 0.59453125 0.1390625 0.33515625
3 0.1875 0.5453125 0.146875 0.30078125
3 0.40390625 0.4015625 0.096875 0.19609375
3 0.346875 0.58828125 0.16015625 0.29453125
3 0.2859375 0.3703125 0.0859375 0.215625
5 0.26015625 0.8546875 0.0984375 0.27578125
5 0.08359375 0.88359375 0.09140625 0.22734375
5 0.6203125 0.46875 0.046875 0.19609375
3 0.3265625 0.28671875 0.06640625 0.15390625
3 0.48984375 0.1859375 0.04375 0.07578125
5 0.15625 0.93515625 0.053125 0.12421875
3 0.49609375 0.23671875 0.05234375 0.1046875
3 0.35546875 0.18828125 0.05234375 0.0875
5 0.44765625 0.51953125 0.0453125 0.20703125
3 0.5421875 0.31875 0.07421875 0.13984375
5 0.87578125 0.8921875 0.07734375 0.2
5 0.9671875 0.971875 0.04375 0.05625
6 0.4203125 0.25703125 0.07421875 0.17578125
3 0.528125 0.36796875 0.08203125 0.1640625
3 0.40078125 0.14140625 0.0546875 0.090625
5 0.56796875 0.49140625 0.03203125 0.19609375
5 0.7140625 0.83671875 0.08125 0.30390625
5 0.6390625 0.90546875 0.08828125 0.18828125
5 0.8234375 0.9421875 0.06953125 0.115625