3 0.634375 0.84453125 0.1875 0.3109375
6 0.640625 0.5046875 0.177734375 0.434765625
3 0.85859375 0.4046875 0.073828125 0.131640625
5 0.88984375 0.575 0.05625 0.181640625
5 0.7859375 0.4609375 0.043359375 0.16484375
5 0.8828125 0.7671875 0.0625 0.233984375
5 0.79765625 0.64921875 0.055078125 0.1984375
2 0.540625 0.1984375 0.078515625 0.181640625
5 0.75078125 0.3375 0.034375 0.116015625
5 0.815625 0.9328125 0.078515625 0.12890625
5 0.77109375 0.2390625 0.0265625 0.090234375
5 0.62421875 0.23203125 0.026953125 0.096875
5 0.71171875 0.28671875 0.025 0.071875
5 0.6828125 0.26015625 0.027734375 0.098828125
5 0.63984375 0.1734375 0.0234375 0.066015625
5 0.734375 0.18203125 0.021484375 0.061328125
6 0.61015625 0.1234375 0.038671875 0.080859375
3 0.68984375 0.1625 0.029296875 0.066015625
5 0.45078125 0.97734375 0.0984375 0.0453125
5 0.71484375 0.1859375 0.0234375 0.071484375
5 0.08828125 0.90546875 0.085546875 0.188671875
5 0.70703125 0.19140625 0.0234375 0.071875
5 0.734375 0.2703125 0.025390625 0.091015625
5 0.9328125 0.9859375 0.075390625 0.028125
3 0.66875 0.03203125 0.01875 0.0375
5 0.765625 0.76640625 0.058984375 0.25