3 0.41875 0.7640625 0.1875 0.35234375
5 0.3625 0.48671875 0.05703125 0.18515625
3 0.3796875 0.9390625 0.2046875 0.12109375
5 0.8328125 0.578125 0.06875 0.2203125
5 0.8921875 0.6828125 0.05078125 0.159375
3 0.8890625 0.87890625 0.21796875 0.23671875
5 0.07734375 0.85 0.06171875 0.16953125
5 0.715625 0.253125 0.03515625 0.09609375
5 0.13984375 0.8109375 0.053125 0.246875
5 0.81015625 0.6921875 0.0453125 0.1234375
5 0.25625 0.7703125 0.07578125 0.23671875
5 0.66015625 0.14375 0.025 0.07109375
5 0.72421875 0.95234375 0.06640625 0.09453125
6 0.6421875 0.71171875 0.1921875 0.56484375
5 0.2140625 0.88125 0.08046875 0.23671875
5 0.19921875 0.70625 0.059375 0.17890625