3 0.29609375 0.7640625 0.2375 0.471875
3 0.4381798265625 0.7909894390625001 0.52728505625 0.5288699875 0.5321202234375 0.26304566875 0.41193177499999994 0.22321833125 0.32558949843749996 0.32047113125000004 0.32075433124999997 0.4492153140625 0.25306198593749996 0.7391212796875 0.4381798265625 0.7909894390625001
3 0.559375 0.8890625 0.2 0.221875
3 0.6046875 0.6296875 0.1515625 0.33359375
3 0.62265625 0.42109375 0.09921875 0.19296875
3 0.75234375 0.475 0.1109375 0.26328125
5 0.75625 0.59375 0.046875 0.1859375
5 0.721875 0.69765625 0.0578125 0.20078125
5 0.78671875 0.6609375 0.0546875 0.14765625
5 0.7140625 0.875 0.06171875 0.24921875
5 0.778125 0.8 0.05859375 0.2046875
5 0.90078125 0.73046875 0.05859375 0.20390625
5 0.8453125 0.859375 0.05078125 0.28125
5 0.909375 0.88046875 0.0703125 0.2390625
5 0.71015625 0.20234375 0.0203125 0.0703125