3 0.29609375 0.7640625 0.2375 0.471875
3 0.5269074109375 0.5289426234375 0.53125 0.2901989078125 0.53125 0.2629550765625 0.41199632656249996 0.2234375 0.4114240359375 0.2234375 0.325211853125 0.3205437671875 0.3203766859375 0.4492879484375 0.252684340625 0.739193915625 0.4362422578125 0.790625 0.43795076093749996 0.790625 0.5269074109375 0.5289426234375
3 0.559375 0.8890625 0.2 0.221875
3 0.6046875 0.6296875 0.15234375 0.333984375
3 0.62265625 0.42109375 0.098828125 0.192578125
3 0.75234375 0.475 0.1109375 0.262890625
5 0.75625 0.59375 0.046875 0.18671875
5 0.721875 0.69765625 0.05703125 0.201171875
5 0.78671875 0.6609375 0.0546875 0.147265625
5 0.7140625 0.875 0.062109375 0.249609375
5 0.778125 0.8 0.058984375 0.20546875
5 0.90078125 0.73046875 0.058203125 0.204296875
5 0.8453125 0.859375 0.050390625 0.28125
5 0.909375 0.88046875 0.06953125 0.2390625
5 0.71015625 0.20234375 0.0203125 0.0703125