3 0.584375 0.82421875 0.1875 0.3515625
3 0.31328125 0.825 0.2015625 0.340625
3 0.1484375 0.7796875 0.1890625 0.38046875
3 0.21015625 0.48203125 0.10390625 0.2078125
3 0.35703125 0.6578125 0.12265625 0.290625
3 0.35625 0.47265625 0.103125 0.1953125
5 0.45390625 0.88125 0.0734375 0.23125
5 0.46640625 0.95 0.059375 0.09765625
3 0.2578125 0.328125 0.06328125 0.10390625
5 0.26328125 0.6125 0.04140625 0.16484375
5 0.46328125 0.6234375 0.04140625 0.1515625
5 0.828125 0.878125 0.06484375 0.23828125
5 0.1296875 0.54140625 0.0328125 0.1046875
5 0.4203125 0.45625 0.04296875 0.1359375
5 0.44453125 0.73125 0.04765625 0.13828125
5 0.4109375 0.36796875 0.0296875 0.090625
5 0.43359375 0.5890625 0.03671875 0.1796875
5 0.75234375 0.87421875 0.05234375 0.22890625
5 0.209375 0.57265625 0.034375 0.09375
5 0.8484375 0.95390625 0.075 0.0921875
5 0.51484375 0.6328125 0.0453125 0.11953125
5 0.69609375 0.778125 0.05 0.16875
3 0.34609375 0.303125 0.0625 0.090625
5 0.10546875 0.603125 0.03828125 0.09296875
5 0.515625 0.434375 0.0453125 0.10234375
3 0.26328125 0.28515625 0.059375 0.07890625
5 0.39765625 0.21484375 0.0234375 0.0703125
3 0.24453125 0.40625 0.05703125 0.1390625
3 0.35546875 0.3609375 0.0765625 0.1109375
5 0.3203125 0.2796875 0.03046875 0.0921875
5 0.75546875 0.93984375 0.0671875 0.1203125
3 0.78828125 0.70546875 0.2875 0.3453125
5 0.6140625 0.59453125 0.0671875 0.20390625
5 0.51953125 0.51875 0.07734375 0.190625