3 0.215625 0.8109375 0.3 0.378125
3 0.3890625 0.50859375 0.12265625 0.2296875
3 0.47265625 0.3703125 0.069921875 0.187890625
3 0.51796875 0.28046875 0.063671875 0.155078125
3 0.55078125 0.228125 0.0515625 0.10625
3 0.57421875 0.19296875 0.0578125 0.092578125
3 0.63203125 0.265625 0.063671875 0.115625
3 0.61953125 0.3890625 0.08125 0.2
3 0.56484375 0.61953125 0.148828125 0.253125
3 0.534375 0.9046875 0.159375 0.190234375
3 0.7359375 0.503125 0.105859375 0.255859375
3 0.73125 0.3671875 0.075390625 0.12109375
3 0.7328125 0.28046875 0.074609375 0.134375
6 0.7140625 0.2 0.049609375 0.128125
3 0.6453125 0.20625 0.053515625 0.10078125
3 0.6546875 0.128125 0.046484375 0.071875
5 0.6671875 0.8578125 0.071484375 0.268359375
5 0.828125 0.87265625 0.065625 0.2546875
5 0.896875 0.76328125 0.04921875 0.257421875
5 0.815625 0.6375 0.047265625 0.19453125
5 0.8828125 0.56171875 0.040234375 0.148828125
5 0.909375 0.640625 0.03671875 0.115625
5 0.9734375 0.76796875 0.053125 0.1765625
5 0.9765625 0.90625 0.046875 0.1875
5 0.81640625 0.440625 0.0390625 0.115234375
5 0.81484375 0.53125 0.0296875 0.087109375
5 0.85625 0.534375 0.03046875 0.1375
5 0.86171875 0.403125 0.023828125 0.1125
5 0.79765625 0.37890625 0.03125 0.096875
5 0.828125 0.33125 0.037890625 0.091015625
5 0.79375 0.27421875 0.022265625 0.092578125
5 0.8203125 0.2484375 0.024609375 0.077734375
3 0.60703125 0.1203125 0.046875 0.091015625