3 0.38671875 0.84140625 0.22109375 0.3078125
3 0.13984375 0.78203125 0.190625 0.4171875
3 0.575 0.59375 0.1328125 0.303125
3 0.26484375 0.45859375 0.11875 0.26796875
3 0.7484375 0.71171875 0.17109375 0.34921875
3 0.52734375 0.41640625 0.090625 0.190625
3 0.45234375 0.31953125 0.07734375 0.15234375
3 0.33359375 0.29609375 0.065625 0.134375
3 0.47578125 0.225 0.05234375 0.10546875
3 0.35625 0.21171875 0.0515625 0.09140625
5 0.67265625 0.375 0.03671875 0.12890625
5 0.396875 0.29609375 0.0328125 0.1125
5 0.709375 0.48671875 0.04765625 0.13671875
3 0.45625 0.190625 0.05 0.09296875
3 0.38125 0.18125 0.0421875 0.08125
3 0.4515625 0.14453125 0.0390625 0.0421875
5 0.56484375 0.28359375 0.028125 0.11015625
5 0.6375 0.45 0.0453125 0.159375
5 0.6046875 0.3703125 0.03359375 0.11875
5 0.6046875 0.31015625 0.0328125 0.0953125
3 0.5171875 0.10234375 0.0359375 0.0671875
6 0.46875 0.05546875 0.03671875 0.059375
5 0.584375 0.2078125 0.025 0.06796875
3 0.46953125 0.10234375 0.03515625 0.06171875
3 0.5296875 0.159375 0.040625 0.10390625
5 0.590625 0.25 0.025 0.0734375
5 0.53984375 0.228125 0.025 0.0609375