6 0.42734375 0.4453125 0.16171875 0.37734375
3 0.64296875 0.5015625 0.11953125 0.33125
3 0.34453125 0.7328125 0.19921875 0.4578125
3 0.6140625 0.92578125 0.17734375 0.1484375
3 0.61015625 0.7578125 0.190625 0.3171875
3 0.72578125 0.3171875 0.078125 0.1359375
5 0.65 0.16171875 0.03984375 0.06640625
5 0.12890625 0.83046875 0.090625 0.3
5 0.28828125 0.9171875 0.12734375 0.15703125
5 0.47265625 0.72734375 0.06171875 0.228125
5 0.4953125 0.58125 0.0359375 0.19765625
5 0.8921875 0.728125 0.06015625 0.22109375
5 0.94921875 0.89921875 0.0890625 0.19921875
5 0.74921875 0.8921875 0.0984375 0.21484375
5 0.7515625 0.5203125 0.059375 0.17109375
5 0.8515625 0.4140625 0.04140625 0.14140625
5 0.76796875 0.428125 0.03671875 0.18515625
5 0.7953125 0.33828125 0.03671875 0.10546875
5 0.8359375 0.28125 0.02734375 0.11015625
5 0.878125 0.3515625 0.01796875 0.10390625
5 0.79375 0.2671875 0.03046875 0.0890625
5 0.7328125 0.21953125 0.0296875 0.08515625
5 0.75390625 0.25703125 0.025 0.0546875
5 0.6046875 0.26640625 0.0265625 0.11015625
5 0.6328125 0.23515625 0.02421875 0.08359375
5 0.66640625 0.2234375 0.02734375 0.08125
3 0.6015625 0.175 0.0234375 0.0765625
5 0.55 0.20546875 0.06015625 0.1140625
5 0.721875 0.18828125 0.01953125 0.0875
5 0.7109375 0.14140625 0.028125 0.04921875
5 0.58671875 0.11953125 0.0265625 0.03984375