3 0.21640625 0.5765625 0.148828125 0.305859375
3 0.30390625 0.81328125 0.190625 0.361328125
6 0.628125 0.6453125 0.16875 0.487890625
3 0.371875 0.6375 0.153515625 0.315234375
3 0.371875 0.55703125 0.155859375 0.163671875
6 0.403125 0.34296875 0.174609375 0.43125
3 0.26015625 0.40703125 0.105078125 0.207421875
5 0.8546875 0.71484375 0.047265625 0.1703125
2 0.58359375 0.13828125 0.0515625 0.148828125
5 0.93828125 0.915625 0.048046875 0.16171875
3 0.7109375 0.97109375 0.215625 0.0578125
3 0.81484375 0.4359375 0.0609375 0.152734375
5 0.7375 0.56328125 0.041015625 0.116796875
5 0.76328125 0.628125 0.041796875 0.127734375
5 0.85859375 0.86484375 0.05 0.169921875
3 0.55 0.2984375 0.087109375 0.218359375
5 0.88984375 0.9390625 0.059375 0.121875
6 0.7171875 0.3984375 0.12109375 0.358984375
3 0.5140625 0.14453125 0.041015625 0.061328125
3 0.1234375 0.975 0.24140625 0.05
3 0.50390625 0.06875 0.028125 0.04375
5 0.79609375 0.70703125 0.054296875 0.173828125
5 0.96015625 0.8640625 0.029296875 0.081640625
3 0.51875 0.50703125 0.065234375 0.2046875