3 0.13046875 0.83046875 0.19375 0.3390625
3 0.221875 0.62890625 0.112890625 0.2234375
3 0.396875 0.67421875 0.134765625 0.285546875
3 0.25234375 0.48671875 0.082421875 0.163671875
3 0.3578125 0.52890625 0.087890625 0.2046875
3 0.2421875 0.37109375 0.078125 0.129296875
3 0.26484375 0.31640625 0.057421875 0.101953125
3 0.38359375 0.421875 0.073828125 0.1375
3 0.27109375 0.2671875 0.053125 0.08359375
3 0.3546875 0.95234375 0.228125 0.0953125
5 0.11875 0.6078125 0.049609375 0.15859375
5 0.5078125 0.73984375 0.058984375 0.198828125
5 0.1390625 0.52890625 0.043359375 0.138671875
3 0.34375 0.33359375 0.05703125 0.1578125
5 0.4921875 0.9203125 0.050390625 0.153515625
5 0.42578125 0.2828125 0.028125 0.084375
5 0.78203125 0.94140625 0.0828125 0.116796875
5 0.7125 0.8921875 0.068359375 0.212109375
5 0.19296875 0.41953125 0.03125 0.078125
5 0.17109375 0.46484375 0.030078125 0.108203125
5 0.409375 0.34921875 0.028125 0.0765625
5 0.503125 0.609375 0.041015625 0.11953125
5 0.31328125 0.45234375 0.032421875 0.146875
3 0.28515625 0.17421875 0.034375 0.057421875
5 0.45234375 0.38984375 0.036328125 0.096875
5 0.4609375 0.540625 0.03984375 0.093359375
3 0.34921875 0.29921875 0.0546875 0.091796875
5 0.603125 0.7828125 0.05703125 0.208984375
5 0.45546875 0.321875 0.0265625 0.075390625
3 0.33046875 0.2609375 0.048828125 0.078515625
3 0.33515625 0.20078125 0.038671875 0.055078125
5 0.43125 0.4890625 0.03671875 0.119140625
5 0.4828125 0.4390625 0.028125 0.091015625
5 0.55234375 0.9171875 0.048046875 0.165625
5 0.634375 0.89140625 0.07421875 0.2171875
5 0.67421875 0.8 0.0515625 0.24296875
5 0.56875 0.715625 0.05 0.21796875
5 0.5859375 0.546875 0.053515625 0.172265625
5 0.54375 0.61640625 0.05625 0.148046875
5 0.51484375 0.55703125 0.036328125 0.1125