3 0.36953125 0.63046875 0.160546875 0.3171875
3 0.30234375 0.82265625 0.190625 0.3546875
6 0.625 0.64296875 0.17578125 0.486328125
3 0.78828125 0.41875 0.098046875 0.2
3 0.21484375 0.575 0.1484375 0.308984375
3 0.26015625 0.396875 0.105078125 0.18125
2 0.41171875 0.2859375 0.1625 0.37265625
6 0.609375 0.203125 0.077734375 0.1875
3 0.5140625 0.50703125 0.072265625 0.20625
5 0.88984375 0.93359375 0.075 0.126953125
3 0.7078125 0.96953125 0.21484375 0.060546875
5 0.67890625 0.4 0.0359375 0.10625
5 0.79375 0.70625 0.05625 0.178515625
5 0.94296875 0.9265625 0.044921875 0.144140625
3 0.12109375 0.97421875 0.234375 0.0515625
3 0.521875 0.1546875 0.04453125 0.069140625
3 0.51015625 0.14921875 0.039453125 0.0671875
5 0.7421875 0.6859375 0.033984375 0.149609375
3 0.50703125 0.11484375 0.033203125 0.0390625
5 0.62421875 0.3125 0.028125 0.078515625
3 0.54609375 0.340625 0.091796875 0.165234375
3 0.540625 0.240625 0.074609375 0.122265625
5 0.6453125 0.3015625 0.031640625 0.071875
3 0.5015625 0.0640625 0.024609375 0.037890625
3 0.3046875 0.35 0.068359375 0.140625
3 0.321875 0.25625 0.052734375 0.0875
6 0.3421875 0.15703125 0.069140625 0.146875