3 0.16328125 0.85078125 0.169921875 0.298046875
3 0.38125 0.85 0.2 0.3
3 0.15703125 0.62578125 0.135546875 0.221875
3 0.3609375 0.6078125 0.122265625 0.237109375
3 0.2296875 0.4265625 0.07890625 0.141015625
3 0.20390625 0.52578125 0.096875 0.163671875
3 0.24765625 0.35859375 0.064453125 0.116796875
3 0.33125 0.403125 0.08203125 0.125390625
5 0.0203125 0.9015625 0.040234375 0.187109375
3 0.3671875 0.3359375 0.06015625 0.091015625
3 0.34765625 0.22890625 0.042578125 0.083203125
5 0.425 0.475 0.044140625 0.09296875
5 0.25 0.7515625 0.05 0.221875
3 0.33984375 0.4984375 0.091796875 0.16484375
5 0.5390625 0.5015625 0.03984375 0.11875
5 0.43046875 0.5578125 0.044921875 0.17109375
6 0.27109375 0.278125 0.0734375 0.125390625
3 0.32890625 0.14921875 0.036328125 0.05
5 0.4703125 0.6109375 0.040234375 0.118359375
3 0.3515625 0.29296875 0.052734375 0.0796875
3 0.33515625 0.18828125 0.0359375 0.061328125
3 0.29140625 0.17734375 0.038671875 0.051953125
5 0.53671875 0.89609375 0.064453125 0.1890625
5 0.40390625 0.41171875 0.0296875 0.0953125
5 0.47421875 0.440625 0.032421875 0.11875
3 0.28203125 0.20859375 0.0484375 0.055078125
5 0.52109375 0.81875 0.059375 0.241015625
5 0.7109375 0.8109375 0.053125 0.212890625
5 0.5734375 0.6125 0.052734375 0.16328125
5 0.48203125 0.54140625 0.038671875 0.126171875
5 0.32265625 0.29375 0.023828125 0.0875
5 0.4390625 0.40546875 0.02890625 0.1125
5 0.3921875 0.3796875 0.02890625 0.096484375
5 0.80078125 0.84140625 0.070703125 0.248828125
5 0.61015625 0.93203125 0.060546875 0.1359375
5 0.63046875 0.7875 0.0546875 0.18828125
5 0.65234375 0.884375 0.063671875 0.184765625
5 0.75390625 0.88203125 0.051171875 0.21875
5 0.71171875 0.94921875 0.0484375 0.1015625
5 0.60625 0.69296875 0.059765625 0.214453125
5 0.553125 0.73671875 0.04921875 0.184375
5 0.52890625 0.6484375 0.042578125 0.140234375
5 0.87734375 0.63359375 0.083203125 0.204296875