3 0.0828125 0.7828125 0.165625 0.387109375
3 0.278125 0.80390625 0.197265625 0.391796875
3 0.48515625 0.7796875 0.1578125 0.406640625
3 0.69140625 0.6375 0.13125 0.290234375
3 0.5234375 0.55859375 0.116015625 0.265625
3 0.37109375 0.54375 0.13125 0.271875
3 0.20546875 0.53125 0.158203125 0.246484375
3 0.28359375 0.38203125 0.091796875 0.2078125
3 0.41015625 0.3328125 0.065625 0.134375
3 0.38125 0.4015625 0.096484375 0.103125
3 0.32421875 0.3 0.079296875 0.152734375
3 0.43359375 0.27421875 0.0625 0.126171875
3 0.50859375 0.20078125 0.0453125 0.115625
3 0.4375 0.20078125 0.05546875 0.065625
3 0.35390625 0.16015625 0.05 0.051953125
3 0.35078125 0.22890625 0.076953125 0.1140625
2 0.4015625 0.11015625 0.084765625 0.183203125
3 0.46328125 0.0984375 0.040625 0.059375
3 0.5203125 0.12109375 0.0375 0.075
3 0.48984375 0.15078125 0.0375 0.0765625
5 0.784375 0.9328125 0.08046875 0.133984375
5 0.91875 0.85546875 0.09453125 0.2265625
5 0.7453125 0.4703125 0.046875 0.13984375
5 0.6984375 0.4828125 0.0375 0.109765625
5 0.60078125 0.5046875 0.051171875 0.19375
5 0.46171875 0.475 0.059375 0.19453125
5 0.6640625 0.37578125 0.04375 0.1484375
5 0.56796875 0.34296875 0.045703125 0.130078125
5 0.609375 0.27109375 0.033984375 0.086328125
5 0.56640625 0.2765625 0.0234375 0.078515625
5 0.56796875 0.19453125 0.026171875 0.0703125
5 0.59140625 0.24140625 0.032421875 0.088671875