3 0.146875 0.84765625 0.178125 0.3046875
3 0.3546875 0.84375 0.18203125 0.31015625
3 0.246875 0.49296875 0.1 0.19765625
3 0.3796875 0.4671875 0.09609375 0.2109375
5 0.37109375 0.6484375 0.053125 0.11875
5 0.1734375 0.46484375 0.03359375 0.1265625
5 0.48515625 0.65859375 0.0421875 0.128125
5 0.52890625 0.63515625 0.04609375 0.2046875
5 0.55234375 0.8109375 0.0546875 0.21640625
5 0.60859375 0.65390625 0.03984375 0.171875
5 0.54140625 0.95234375 0.05703125 0.0953125
5 0.2796875 0.62734375 0.04765625 0.190625
3 0.34140625 0.2984375 0.059375 0.1265625
5 0.434375 0.43125 0.0328125 0.14921875
5 0.7046875 0.77265625 0.05078125 0.2078125
5 0.4265625 0.73828125 0.0390625 0.12265625
5 0.309375 0.42734375 0.02890625 0.10703125
5 0.46640625 0.53203125 0.046875 0.16796875
5 0.5015625 0.8671875 0.05390625 0.184375
5 0.43046875 0.53984375 0.0296875 0.11015625
5 0.75234375 0.98125 0.059375 0.0375
5 0.2953125 0.25234375 0.0203125 0.078125
5 0.509375 0.9890625 0.05 0.021875
5 0.5890625 0.8875 0.0421875 0.2125
5 0.6296875 0.84296875 0.0484375 0.17734375
5 0.7421875 0.91328125 0.0515625 0.1734375
5 0.475 0.75859375 0.0640625 0.1921875
5 0.4421875 0.61640625 0.04453125 0.15859375
5 0.31953125 0.62890625 0.05078125 0.153125
5 0.49453125 0.43203125 0.0390625 0.146875
3 0.25859375 0.3640625 0.07734375 0.15390625
5 0.4546875 0.31796875 0.02734375 0.10859375