5 0.49140625 0.1453125 0.0203125 0.07734375
5 0.525 0.1546875 0.025 0.0875
5 0.553125 0.11640625 0.027734375 0.048828125
3 0.55703125 0.3765625 0.108203125 0.181640625
3 0.6421875 0.5328125 0.116015625 0.265234375
3 0.4015625 0.7796875 0.202734375 0.42734375
3 0.16328125 0.74609375 0.215625 0.4453125
3 0.271875 0.5390625 0.119140625 0.2375
3 0.30546875 0.409375 0.105078125 0.147265625
3 0.55234375 0.22890625 0.045703125 0.11875
3 0.51875 0.09921875 0.034765625 0.053125
3 0.51796875 0.05625 0.0234375 0.037109375
3 0.44453125 0.07734375 0.030078125 0.045703125
6 0.4453125 0.20390625 0.090625 0.198046875