3 0.109375 0.8203125 0.21875 0.35546875
6 0.46640625 0.30390625 0.11484375 0.27890625
3 0.24609375 0.5234375 0.140625 0.2546875
3 0.33828125 0.8296875 0.2046875 0.340625
3 0.31015625 0.384375 0.0953125 0.19609375
3 0.39453125 0.5875 0.134375 0.259375
3 0.4265625 0.44921875 0.0953125 0.16484375
3 0.634375 0.31796875 0.071875 0.1546875
5 0.57734375 0.421875 0.040625 0.1546875
5 0.49296875 0.70234375 0.0625 0.2359375
3 0.38515625 0.1875 0.05703125 0.09296875
5 0.58828125 0.2234375 0.028125 0.09296875
5 0.58203125 0.3359375 0.0359375 0.11015625
3 0.35234375 0.2921875 0.08359375 0.1625
5 0.25390625 0.63359375 0.0625 0.1875