3 0.42109375 0.68984375 0.1703125 0.3953125
3 0.60546875 0.45546875 0.1140625 0.236328125
3 0.8078125 0.940625 0.194140625 0.118359375
3 0.47109375 0.36015625 0.085546875 0.189453125
3 0.43515625 0.4546875 0.115625 0.228125
3 0.3375 0.3921875 0.08046875 0.206640625
3 0.475 0.16328125 0.04921875 0.096875
5 0.63125 0.340625 0.041015625 0.11875
5 0.84765625 0.77734375 0.09375 0.280078125
3 0.44921875 0.228125 0.048046875 0.108984375
3 0.3859375 0.15625 0.047265625 0.084375
5 0.54765625 0.95703125 0.066796875 0.0859375
3 0.36484375 0.26328125 0.0734375 0.1640625
2 0.174998109375 0.2937804390625 0.156838303125 0.3116375796875 0.1253613046875 0.32624797031249997 0.0793564625 0.37819602343750003 0.0363782546875 0.43582589374999997 0.0242717171875 0.469916803125 0.0000586421875 0.507579140625 0.0000586421875 0.9918415062499999 0.037179467187499995 0.996875 0.220931825 0.996875 0.2367414515625 0.9934557625 0.2409787390625 0.97478693125 0.2530852765625 0.96179991875 0.2530852765625 0.9423193984375 0.257927890625 0.93582589375 0.2530852765625 0.9212155046875001 0.25671723750000003 0.8984882296875 0.2700344296875 0.8855012171875 0.2700344296875 0.8335531671874999 0.2869835796875 0.7816051140625 0.303932734375 0.6890726453125 0.3051433859375 0.6517349828125 0.31482861875 0.6273843359375 0.3160392703125 0.5867999187499999 0.3257245015625 0.5559557640625 0.3328125 0.478336821875 0.3328125 0.47531659375 0.31967123124999997 0.39361809999999997 0.317249925 0.33517654375 0.3009061 0.310014203125 0.2343201421875 0.2937804390625 0.1919472625 0.2905336859375 0.174998109375 0.2937804390625
5 0.28359375 0.93984375 0.067578125 0.1203125
5 0.321875 0.86953125 0.078515625 0.226953125