3 0.40390625 0.646875 0.15234375 0.33515625
3 0.1953125 0.59765625 0.15703125 0.30078125
3 0.74609375 0.88125 0.24765625 0.23203125
5 0.74765625 0.484375 0.04921875 0.165625
3 0.48359375 0.42578125 0.09921875 0.23203125
3 0.58125 0.36953125 0.07578125 0.1453125
3 0.37890625 0.1859375 0.0453125 0.10234375
3 0.328125 0.27265625 0.0703125 0.140625
5 0.565625 0.6109375 0.065625 0.2234375
3 0.45859375 0.18046875 0.04375 0.0796875
5 0.79609375 0.74140625 0.0671875 0.2359375
3 0.43359375 0.24140625 0.05859375 0.13515625
3 0.39921875 0.14765625 0.04140625 0.0703125
3 0.55234375 0.278125 0.05 0.1125
5 0.375 0.42265625 0.0375 0.14609375
6 0.44140625 0.034375 0.0453125 0.06875
6 0.53828125 0.153125 0.04765625 0.0796875
3 0.4078125 0.1 0.03671875 0.065625
3 0.51640625 0.11015625 0.03125 0.0671875
3 0.45859375 0.1125 0.0328125 0.0671875
3 0.334375 0.97734375 0.23984375 0.0453125
3 0.5484375 0.22265625 0.0515625 0.10703125
3 0.50859375 0.065625 0.02578125 0.03125
5 0.29453125 0.409375 0.0375 0.171875
3 0.4765625 0.07421875 0.02578125 0.03984375
6 0.5828125 0.14140625 0.0390625 0.0890625
3 0.5140625 0.05703125 0.028125 0.03515625
5 0.3203125 0.49140625 0.04296875 0.20390625