3 0.09921875 0.7828125 0.1984375 0.3765625
3 0.2515625 0.496875 0.11875 0.27890625
3 0.4 0.49609375 0.1359375 0.2890625
3 0.515625 0.71484375 0.1359375 0.321875
3 0.309375 0.809375 0.24296875 0.3703125
3 0.7390625 0.85234375 0.209375 0.2953125
3 0.60859375 0.5265625 0.12578125 0.27265625
3 0.56484375 0.40234375 0.08984375 0.1765625
3 0.53671875 0.32265625 0.07734375 0.11875
3 0.44765625 0.36328125 0.065625 0.1703125
3 0.4265625 0.2953125 0.0765625 0.09609375
3 0.4375 0.23515625 0.0703125 0.07734375
3 0.46328125 0.21328125 0.05625 0.08984375
3 0.55234375 0.134375 0.0640625 0.109375
3 0.434375 0.02578125 0.02578125 0.046875
3 0.4796875 0.0296875 0.0265625 0.04765625
6 0.328125 0.228125 0.13828125 0.2359375
5 0.896875 0.92578125 0.10078125 0.1484375
5 0.9 0.8359375 0.0625 0.19609375
5 0.79765625 0.60078125 0.04453125 0.1
5 0.784375 0.6984375 0.04921875 0.15546875
5 0.675 0.646875 0.06953125 0.19609375
5 0.71953125 0.6484375 0.05546875 0.14921875
5 0.7359375 0.509375 0.034375 0.159375
5 0.6859375 0.51171875 0.0359375 0.1421875
5 0.72265625 0.446875 0.034375 0.10703125
5 0.6859375 0.37265625 0.0453125 0.128125
5 0.6390625 0.40390625 0.0328125 0.10703125
5 0.615625 0.3390625 0.02890625 0.0828125
5 0.5984375 0.290625 0.03359375 0.06796875
5 0.41640625 0.15625 0.021875 0.059375
5 0.48046875 0.075 0.02109375 0.059375
5 0.40703125 0.21171875 0.025 0.09375