3 0.58671875 0.84453125 0.198046875 0.3109375
3 0.85 0.8359375 0.190625 0.328125
3 0.615625 0.515625 0.115625 0.26875
3 0.48203125 0.31640625 0.086328125 0.153125
3 0.63515625 0.32734375 0.0875 0.2140625
5 0.84453125 0.553125 0.0546875 0.19375
3 0.28828125 0.6890625 0.2296875 0.502734375
5 0.9015625 0.69453125 0.053515625 0.167578125
3 0.8015625 0.31171875 0.071484375 0.144921875
3 0.65390625 0.17890625 0.0484375 0.096875
5 0.5640625 0.31640625 0.030859375 0.109375
5 0.7125 0.24609375 0.030859375 0.1
5 0.76484375 0.2203125 0.0328125 0.087109375
3 0.35 0.5359375 0.187890625 0.196484375
5 0.515625 0.44296875 0.053125 0.20625
3 0.584375 0.16484375 0.06328125 0.1109375