3 0.15 0.6609375 0.196484375 0.412109375
3 0.35390625 0.72578125 0.1828125 0.3640625
3 0.41953125 0.50546875 0.119921875 0.21875
3 0.64375 0.771875 0.1625 0.430859375
3 0.2640625 0.4828125 0.119140625 0.244140625
5 0.11171875 0.94609375 0.067578125 0.1078125
5 0.0234375 0.8828125 0.046875 0.224609375
3 0.4375 0.33984375 0.074609375 0.166796875
3 0.33984375 0.27265625 0.069921875 0.158203125
3 0.37578125 0.17421875 0.055078125 0.121875
5 0.61484375 0.35078125 0.044921875 0.15625
5 0.7546875 0.5328125 0.06875 0.196875
5 0.04609375 0.915625 0.0515625 0.16875
3 0.44765625 0.23125 0.063671875 0.10703125
5 0.353125 0.96953125 0.053125 0.0609375
5 0.45234375 0.96015625 0.0578125 0.0796875
3 0.2875 0.3421875 0.105859375 0.199609375
3 0.43984375 0.16953125 0.048828125 0.0828125
3 0.6390625 0.93125 0.22109375 0.1375
5 0.5203125 0.1625 0.01640625 0.06171875
3 0.446875 0.1546875 0.041015625 0.058984375
5 0.21015625 0.96875 0.058203125 0.062109375