3 0.13828125 0.64609375 0.16015625 0.3078125
3 0.50078125 0.4578125 0.115625 0.22578125
3 0.34609375 0.66171875 0.1703125 0.40703125
5 0.13828125 0.89765625 0.0734375 0.2
3 0.33671875 0.42890625 0.10859375 0.16015625
5 0.5375 0.746875 0.071875 0.2828125
5 0.865625 0.94375 0.096875 0.11171875
3 0.4484375 0.2203125 0.06796875 0.1296875
3 0.434375 0.09609375 0.04453125 0.0765625
5 0.6234375 0.63828125 0.04921875 0.1734375
3 0.321875 0.94375 0.20703125 0.10625
5 0.64375 0.78515625 0.059375 0.26484375
5 0.30078125 0.34765625 0.03515625 0.16328125
5 0.74296875 0.846875 0.06953125 0.2953125
5 0.54921875 0.59375 0.0546875 0.17109375
5 0.57890625 0.4390625 0.04375 0.18671875
5 0.7015625 0.62421875 0.046875 0.2140625
5 0.6078125 0.2140625 0.034375 0.10703125
5 0.84375 0.6515625 0.0625 0.225
3 0.303125 0.13828125 0.05703125 0.08515625
6 0.25234375 0.25625 0.09921875 0.22265625
3 0.44375 0.125 0.04609375 0.07265625
5 0.3859375 0.22890625 0.03515625 0.1046875
3 0.38359375 0.11015625 0.04453125 0.06640625
5 0.39765625 0.365625 0.03203125 0.1203125
5 0.50546875 0.2296875 0.03359375 0.09140625
3 0.4328125 0.04921875 0.0421875 0.05078125
5 0.5578125 0.15703125 0.04609375 0.1046875
5 0.8671875 0.4671875 0.0578125 0.17265625
5 0.721875 0.36953125 0.05234375 0.1546875
5 0.68828125 0.94296875 0.08359375 0.11328125
5 0.65078125 0.24375 0.03125 0.06796875
5 0.3359375 0.32578125 0.03125 0.0578125