3 0.1453125 0.81640625 0.17890625 0.353125
3 0.42421875 0.89140625 0.19296875 0.21484375
3 0.55390625 0.56015625 0.13203125 0.19765625
3 0.18359375 0.60078125 0.12578125 0.2375
3 0.37421875 0.72578125 0.14375 0.3203125
3 0.3875 0.46953125 0.0859375 0.19765625
3 0.3328125 0.565625 0.11015625 0.23828125
3 0.253125 0.38671875 0.07109375 0.146875
3 0.23359375 0.5265625 0.084375 0.1671875
3 0.3640625 0.26953125 0.0484375 0.08515625
3 0.38203125 0.3703125 0.08046875 0.12890625
3 0.40625 0.2296875 0.04609375 0.1
5 0.31953125 0.3734375 0.03125 0.11640625
5 0.2640625 0.29609375 0.021875 0.06875
3 0.3359375 0.24296875 0.0375 0.0828125
3 0.36953125 0.32109375 0.05625 0.09453125
5 0.47578125 0.44140625 0.040625 0.13984375
5 0.33828125 0.18125 0.02109375 0.05390625
5 0.4546875 0.315625 0.025 0.08671875
5 0.31015625 0.30859375 0.0265625 0.06015625
3 0.3765625 0.14765625 0.0375 0.06875
5 0.296875 0.35859375 0.0265625 0.12265625
5 0.46328125 0.34296875 0.0234375 0.0625
5 0.4171875 0.28203125 0.02265625 0.07890625