3 0.61484375 0.85078125 0.1890625 0.2984375
3 0.371875 0.7375 0.197265625 0.37578125
3 0.8 0.52265625 0.10546875 0.205078125
3 0.45546875 0.49375 0.134375 0.25546875
3 0.6359375 0.6171875 0.12734375 0.287890625
3 0.13046875 0.91796875 0.2421875 0.1640625
3 0.79609375 0.7765625 0.11875 0.287890625
3 0.4828125 0.30546875 0.078515625 0.1203125
6 0.66796875 0.15078125 0.05625 0.103125
5 0.478125 0.79609375 0.053125 0.217578125
5 0.515625 0.696875 0.04921875 0.196875
5 0.4484375 0.934375 0.084375 0.124609375
5 0.21953125 0.6875 0.069921875 0.21953125
5 0.95 0.8734375 0.05703125 0.250390625
5 0.29140625 0.8703125 0.06875 0.23984375
3 0.64765625 0.45703125 0.10625 0.15
5 0.85546875 0.58515625 0.041796875 0.121875
3 0.49453125 0.34765625 0.0828125 0.2078125
5 0.771875 0.36953125 0.030859375 0.121875
3 0.71796875 0.3265625 0.0703125 0.15390625
6 0.64140625 0.22421875 0.067578125 0.10625
3 0.64453125 0.38203125 0.085546875 0.15
5 0.321875 0.94453125 0.09296875 0.110546875
5 0.81328125 0.95859375 0.069921875 0.0828125
5 0.87421875 0.5109375 0.0359375 0.128125
5 0.89765625 0.81171875 0.048046875 0.223828125
5 0.953125 0.73203125 0.05 0.1390625
5 0.88359375 0.665625 0.041796875 0.108984375
3 0.890625 0.4734375 0.112109375 0.20625
3 0.63125 0.303125 0.068359375 0.131640625
3 0.7484375 0.28125 0.047265625 0.12578125
5 0.80390625 0.39765625 0.033203125 0.067578125
5 0.725 0.46171875 0.041015625 0.151953125