3 0.2015625 0.64375 0.168359375 0.362890625
3 0.41328125 0.7078125 0.1640625 0.39140625
3 0.5921875 0.5546875 0.119140625 0.274609375
6 0.4453125 0.25234375 0.116015625 0.2078125
3 0.43203125 0.471875 0.135546875 0.271484375
3 0.25703125 0.4390625 0.114453125 0.200390625
5 0.9140625 0.84609375 0.059375 0.2390625
3 0.55546875 0.3328125 0.073046875 0.162109375
5 0.3234375 0.909375 0.08125 0.18125
5 0.9640625 0.9015625 0.055859375 0.190625
5 0.62265625 0.8875 0.069921875 0.219140625
6 0.31015625 0.3 0.155078125 0.3
3 0.78046875 0.79921875 0.207421875 0.401171875
5 0.43515625 0.92890625 0.071875 0.135546875
6 0.5671875 0.23046875 0.072265625 0.119921875
5 0.62265625 0.24453125 0.029296875 0.079296875
5 0.66640625 0.43671875 0.0359375 0.134375
5 0.6609375 0.35859375 0.031640625 0.1171875
5 0.63828125 0.28203125 0.026171875 0.079296875
5 0.553125 0.925 0.08828125 0.146484375
5 0.56015625 0.39140625 0.032421875 0.091796875
5 0.67421875 0.66875 0.042578125 0.19921875
5 0.6015625 0.37890625 0.044140625 0.1015625
5 0.1359375 0.84453125 0.059375 0.2421875
5 0.68046875 0.94453125 0.079296875 0.1109375
5 0.521875 0.81328125 0.052734375 0.201171875
5 0.721875 0.546875 0.03828125 0.115625
5 0.7109375 0.59296875 0.044140625 0.130078125
5 0.08515625 0.8546875 0.048828125 0.219140625
5 0.6125 0.33671875 0.027734375 0.088671875
3 0.4234375 0.115625 0.046484375 0.077734375
3 0.5171875 0.21875 0.03515625 0.096875
6 0.48125 0.10859375 0.058984375 0.108203125
5 0.0375 0.9296875 0.075 0.140625
5 0.625 0.70390625 0.069140625 0.2359375
5 0.67265625 0.55625 0.051171875 0.15078125
5 0.796875 0.54453125 0.05 0.166796875