3 0.37265625 0.734375 0.19921875 0.3703125
3 0.6140625 0.85078125 0.1875 0.2984375
3 0.8015625 0.5203125 0.10546875 0.2078125
3 0.63671875 0.6109375 0.12890625 0.278125
3 0.796875 0.80625 0.11796875 0.3484375
3 0.45390625 0.4953125 0.1359375 0.25390625
3 0.1328125 0.9140625 0.24140625 0.16484375
3 0.48515625 0.30546875 0.07734375 0.1203125
5 0.48046875 0.79609375 0.05859375 0.21484375
3 0.64765625 0.453125 0.10234375 0.14765625
5 0.51484375 0.6984375 0.053125 0.196875
5 0.82421875 0.9453125 0.06796875 0.10390625
6 0.6671875 0.1546875 0.05625 0.10078125
5 0.3234375 0.94375 0.10234375 0.10625
5 0.4 0.3921875 0.040625 0.1484375
5 0.7265625 0.46015625 0.0375 0.1390625
5 0.28515625 0.875 0.07109375 0.24140625
5 0.15859375 0.765625 0.06953125 0.16171875
3 0.5015625 0.3859375 0.0796875 0.13828125
5 0.78828125 0.5890625 0.04140625 0.09296875
5 0.45234375 0.9390625 0.08046875 0.121875
5 0.8546875 0.59140625 0.040625 0.11328125
5 0.44375 0.8859375 0.05625 0.2125
5 0.9515625 0.87421875 0.0578125 0.24921875
6 0.64453125 0.22734375 0.06875 0.1203125
3 0.63828125 0.3890625 0.0890625 0.1546875
5 0.9515625 0.7515625 0.0515625 0.18046875
5 0.89921875 0.80859375 0.05234375 0.2390625
5 0.88984375 0.61953125 0.040625 0.12578125
5 0.88828125 0.69921875 0.0453125 0.12890625
3 0.71953125 0.3296875 0.06796875 0.16484375
3 0.74609375 0.28359375 0.05703125 0.14296875
3 0.62890625 0.315625 0.071875 0.17265625
5 0.803125 0.390625 0.02265625 0.05078125
5 0.778125 0.378125 0.0203125 0.07109375
3 0.8890625 0.46171875 0.1078125 0.19921875