3 0.69375 0.859375 0.22265625 0.28046875
3 0.12109375 0.796875 0.23671875 0.40546875
3 0.56171875 0.478125 0.10859375 0.23984375
3 0.78515625 0.59453125 0.15859375 0.26796875
3 0.3265625 0.265625 0.07421875 0.12890625
3 0.42890625 0.34453125 0.08515625 0.15546875
6 0.2296875 0.47578125 0.1578125 0.26875
3 0.52734375 0.29296875 0.06796875 0.128125
3 0.6296875 0.28828125 0.05859375 0.12578125
3 0.51171875 0.203125 0.05078125 0.1046875
3 0.43984375 0.209375 0.0515625 0.096875
3 0.45 0.15234375 0.0390625 0.07421875
5 0.62421875 0.39765625 0.0390625 0.13515625
6 0.37890625 0.8203125 0.2578125 0.359375
5 0.65234375 0.49609375 0.0515625 0.159375
3 0.38046875 0.18046875 0.05078125 0.10703125
5 0.678125 0.4265625 0.0421875 0.14609375
3 0.40234375 0.1375 0.03671875 0.0796875
5 0.88671875 0.81953125 0.0640625 0.26640625
3 0.46171875 0.096875 0.03984375 0.0609375
3 0.51328125 0.11953125 0.0328125 0.059375
3 0.409375 0.5296875 0.1171875 0.175
5 0.6484375 0.61484375 0.0546875 0.19921875
5 0.7921875 0.821875 0.06171875 0.228125
3 0.41484375 0.10546875 0.03671875 0.0578125
3 0.50546875 0.153125 0.0359375 0.05546875
5 0.58046875 0.33359375 0.025 0.08359375
5 0.56640625 0.2484375 0.01875 0.08046875
5 0.59140625 0.24453125 0.021875 0.071875
5 0.6203125 0.2125 0.021875 0.03828125