3 0.35390625 0.75390625 0.24609375 0.4
3 0.78203125 0.4609375 0.10390625 0.21796875
3 0.8203125 0.3203125 0.065625 0.13828125
3 0.74765625 0.33203125 0.078125 0.121875
3 0.58359375 0.178125 0.05703125 0.10234375
3 0.55 0.19921875 0.0609375 0.09453125
6 0.49921875 0.32734375 0.125 0.23515625
6 0.653125 0.26875 0.0640625 0.23671875
6 0.72890625 0.21875 0.06015625 0.14140625
6 0.71484375 0.12734375 0.053125 0.059375
6 0.64921875 0.11796875 0.03984375 0.0875
6 0.8125 0.7546875 0.1625 0.490625
5 0.04453125 0.8921875 0.08828125 0.2125
5 0.16328125 0.76953125 0.07578125 0.271875
5 0.21953125 0.65390625 0.0546875 0.225
5 0.30234375 0.51796875 0.0640625 0.1734375
5 0.32890625 0.5390625 0.05703125 0.14609375
5 0.50703125 0.578125 0.05234375 0.15234375
5 0.671875 0.5578125 0.0515625 0.17734375
5 0.65390625 0.590625 0.034375 0.09453125
5 0.58359375 0.5484375 0.0359375 0.11484375
5 0.61015625 0.5015625 0.03125 0.13671875
5 0.5640625 0.47734375 0.04140625 0.1421875
5 0.590625 0.41328125 0.04609375 0.1046875
5 0.59765625 0.36328125 0.0359375 0.0984375
5 0.56796875 0.3328125 0.03828125 0.11015625
5 0.85859375 0.46953125 0.03515625 0.12265625
5 0.89921875 0.55859375 0.05703125 0.13828125
5 0.90625 0.6421875 0.05546875 0.1390625
5 0.921875 0.74453125 0.05390625 0.17109375
5 0.9765625 0.7640625 0.046875 0.215625
5 0.940625 0.875 0.06328125 0.24140625
5 0.8859375 0.35625 0.02109375 0.12734375
5 0.828125 0.228125 0.01640625 0.0578125
5 0.778125 0.2234375 0.01328125 0.04921875
5 0.8046875 0.20390625 0.01328125 0.05
5 0.39140625 0.43359375 0.028125 0.1484375
5 0.38359375 0.37421875 0.03125 0.09140625
5 0.41953125 0.33984375 0.02265625 0.12734375
6 0.54296875 0.7953125 0.334375 0.40859375