6 0.42734375 0.4453125 0.161328125 0.377734375
3 0.64296875 0.5015625 0.119921875 0.33125
3 0.34453125 0.7328125 0.198828125 0.45859375
3 0.6140625 0.92578125 0.177734375 0.1484375
3 0.61015625 0.7578125 0.190625 0.31640625
3 0.72578125 0.3171875 0.078125 0.13515625
5 0.65 0.16171875 0.040234375 0.066796875
5 0.12890625 0.83046875 0.090625 0.3
5 0.28828125 0.9171875 0.126953125 0.156640625
5 0.47265625 0.72734375 0.061328125 0.228125
5 0.4953125 0.58125 0.03515625 0.197265625
5 0.8921875 0.728125 0.059765625 0.221484375
5 0.94921875 0.89921875 0.0890625 0.198828125
5 0.74921875 0.8921875 0.0984375 0.215234375
5 0.7515625 0.5203125 0.059375 0.171484375
5 0.8515625 0.4140625 0.041015625 0.141015625
5 0.76796875 0.428125 0.036328125 0.184765625
5 0.7953125 0.33828125 0.037109375 0.105078125
5 0.8359375 0.28125 0.027734375 0.109765625
5 0.878125 0.3515625 0.018359375 0.103515625
5 0.79375 0.2671875 0.030859375 0.08984375
5 0.7328125 0.21953125 0.02890625 0.085546875
5 0.75390625 0.25703125 0.025 0.0546875
5 0.6046875 0.26640625 0.02734375 0.110546875
5 0.6328125 0.23515625 0.024609375 0.083203125
5 0.66640625 0.2234375 0.026953125 0.08125
3 0.6015625 0.175 0.02265625 0.07578125
5 0.55 0.20546875 0.059765625 0.1140625
5 0.721875 0.18828125 0.019140625 0.0875
5 0.7109375 0.14140625 0.028125 0.048828125
5 0.58671875 0.11953125 0.0265625 0.039453125