3 0.36803874062499997 0.7256493500000001 0.380145278125 0.5292207796875 0.37288135625 0.503246753125 0.3184019375 0.483766234375 0.2784503625 0.483766234375 0.25786925 0.5016233765625 0.2263922515625 0.5649350656250001 0.21186440625 0.6136363640625 0.17796610156249998 0.81818181875 0.17796610156249998 0.8587662343750001 0.19491525468749998 0.8782467531249999 0.27966101718749997 0.9042207796874999 0.3208232453125 0.9074675328125 0.3292978203125 0.89935065 0.36803874062499997 0.7256493500000001
3 0.5496368031250001 0.7191558437500001 0.5460048421875 0.5811688312500001 0.5399515734375 0.5681818187500001 0.507263921875 0.5568181812499999 0.4661016953125 0.5551948046875 0.4430992734375 0.5698051953125 0.4140435828125 0.6558441562499999 0.398305084375 0.7743506499999999 0.39709443125 0.8474025968750001 0.41162227656250006 0.8636363640625 0.474576271875 0.8798701296875 0.516949153125 0.88149350625 0.5266343828125 0.8733766234375 0.5496368031250001 0.7191558437500001
3 0.734866828125 0.5349025968750001 0.7136803875 0.5211038968749999 0.6749394671875 0.516233765625 0.66343825625 0.5284090906250001 0.6489104109375 0.5771103890625 0.6319612593749999 0.6891233765625 0.6343825671875 0.7459415578125 0.7342615015625 0.7954545453125 0.742736078125 0.7938311687499999 0.7590799031250001 0.6371753250000001 0.734866828125 0.5349025968750001
3 0.6337772390625 0.7516233765625 0.5611380140625 0.74350649375 0.5496368031250001 0.7654220781250001 0.516949153125 0.9245129875 0.5078692499999999 0.9983766234375 0.6930992734375 0.9983766234375 0.6973365625 0.89366883125 0.6937046 0.7784090906250001 0.6858353515625 0.76948051875 0.6337772390625 0.7516233765625
3 0.93341404375 0.9342532468750001 0.9358353515625 0.80600649375 0.8910411625 0.6647727265625 0.8807506046875 0.6558441562499999 0.822639225 0.6461038968749999 0.787530265625 0.6704545453125 0.7687651328125 0.7150974031249999 0.7627118640624999 0.7897727265625 0.7784503625 0.9342532468750001 0.789346246875 0.9748376625 0.9025423734375 0.9983766234375 0.9231234859375 0.9967532468750001 0.93341404375 0.9342532468750001
3 0.008474576562499999 0.9910714281249999 0.010290556250000001 1 0.20338983124999999 0.9975649343749999 0.1700968515625 0.9285714281249999 0.11440677968749999 0.9025974031249999 0.0708232453125 0.9074675328125 0.008474576562499999 0.9910714281249999
3 0.4249394671875 0.40665584375 0.4085956421875 0.396103896875 0.3686440671875 0.396103896875 0.3232445515625 0.46996753281250003 0.31961259062499997 0.484577921875 0.3825665859375 0.6436688312500001 0.4025423734375 0.6509740265625 0.4188861984375 0.5933441562499999 0.43704600468750004 0.4748376625 0.4249394671875 0.40665584375
3 0.496973365625 0.3133116890625 0.45460048437499995 0.30681818125000004 0.43341404375000003 0.3238636359375 0.42130750624999996 0.35795454531250004 0.41646489062500003 0.39204545468749996 0.442493946875 0.47077922031249997 0.4521791765625 0.472402596875 0.5084745765625 0.4245129875 0.5084745765625 0.35470779218750004 0.496973365625 0.3133116890625
3 0.532082325 0.1980519484375 0.5145278453125 0.2297077921875 0.50605326875 0.26379870156249996 0.5078692499999999 0.30357142812500004 0.5659806296875 0.3116883109375 0.5750605328125 0.28814934999999997 0.577481840625 0.25730519531249996 0.5702179171874999 0.2053571421875 0.532082325 0.1980519484375
3 0.686440678125 0.403409090625 0.6567796609375 0.3896103890625 0.6277239703124999 0.3879870125 0.6004842609375001 0.48620129843750004 0.6004842609375001 0.6030844156249999 0.611985471875 0.6103896109375 0.642251815625 0.6022727265625 0.6888619859375 0.5073051953125 0.69128329375 0.453733765625 0.686440678125 0.403409090625
5 0.32021791718750003 0.9399350656250001 0.30508474531249996 0.9488636359375 0.295399515625 0.98133116875 0.2978208234375 0.9975649343749999 0.3299031484375 1 0.33656174375000003 0.9862012984374999 0.331719128125 0.9521103890625 0.32021791718750003 0.9399350656250001
5 0.4140435828125 0.8985389609375 0.4019370453125 0.9537337656249999 0.3989104109375 1 0.450363196875 0.9975649343749999 0.44067796562500006 0.91314935 0.4315980625 0.8896103890625 0.42312348593750004 0.8879870125 0.4140435828125 0.8985389609375
5 0.8480629546875 0.8603896109375 0.8426150124999999 0.8676948046874999 0.819612590625 0.9407467531249999 0.8159806296875001 0.9780844156249999 0.8214285718750001 0.9983766234375 0.8765133171875 0.9959415578125 0.8825665859375 0.96185065 0.8589588375 0.8620129875 0.8480629546875 0.8603896109375
5 0.9515738499999999 0.9358766234375 0.9509685234375 0.9983766234375 1 0.9975649343749999 0.9993946734374999 0.8668831171875 0.9848668281249999 0.86850649375 0.9612590796875 0.8952922078125001 0.9515738499999999 0.9358766234375
5 1 0.79301948125 0.97397094375 0.7159090906250001 0.962469734375 0.7183441562499999 0.9503631968749999 0.7702922078125 0.9491525421875 0.8904220781250001 0.9515738499999999 0.9034090906250001 0.9570217921875 0.9042207796874999 1 0.88068181875 1 0.79301948125
5 0.8656174328124999 0.5771103890625 0.849878934375 0.6144480515625 0.8450363203125001 0.6404220781250001 0.8504842609375001 0.6477272734375 0.8898305078125001 0.6550324671875 0.8910411625 0.6404220781250001 0.8734866828125 0.5762987015625 0.8656174328124999 0.5771103890625
5 0.8081113796875 0.5616883109375 0.795399515625 0.5641233765625 0.7796610171875 0.6112012984375 0.7784503625 0.6371753250000001 0.785108959375 0.6525974031249999 0.8081113796875 0.6574675328125 0.819612590625 0.6420454546875 0.8184019375 0.5965909093749999 0.8081113796875 0.5616883109375
5 0.83359375 0.57421875 0.04921875 0.1625
5 0.773002421875 0.43019480468750004 0.7615012109375 0.44237012968749995 0.7421307500000001 0.5349025968750001 0.74818401875 0.5836038968749999 0.7657384984375 0.608766234375 0.7796610171875 0.5852272734375 0.7941888625 0.48133116875 0.7905569 0.45698051875 0.773002421875 0.43019480468750004
5 0.450363196875 0.48295454531250004 0.4388619859375 0.47727272656249997 0.4322033890625 0.48944805156250004 0.42251815937500004 0.5349025968750001 0.4237288140625 0.6193181812499999 0.42917675468749994 0.63149350625 0.4673123484375 0.5478896109375 0.4673123484375 0.5316558437500001 0.450363196875 0.48295454531250004
5 0.495157384375 0.5543831171875 0.5296610171875 0.5649350656250001 0.523002421875 0.49431818125 0.5127118640624999 0.490259740625 0.507263921875 0.5024350656250001 0.495157384375 0.5543831171875
5 0.504842615625 0.43912337656249995 0.496973365625 0.41720779218750004 0.48668280937499997 0.41801948125 0.4600484265625 0.45860389687499997 0.4539951578125 0.478084415625 0.4539951578125 0.5056818187500001 0.464891040625 0.5284090906250001 0.4812348671875 0.5535714281249999 0.49213075 0.5551948046875 0.504842615625 0.46834415625 0.504842615625 0.43912337656249995