2 0.846875 0.65546875 0.30625 0.66875
1 0.5939907546875001 0.274498228125 0.6160026421875 0.2700708375 0.6215056125 0.22579692968749998 0.5752806515625 0.2154663515625 0.50154083125 0.3733766234375 0.4377063625 0.5091499421875 0.3023332609375 0.996162928125 0.4244992296875 0.996162928125 0.5367598499999999 0.45454545468749996 0.5730794625 0.4442148765625 0.5884877828125 0.3541912625 0.5807836234375 0.3364817 0.5939907546875001 0.274498228125
3 0.34079903125 0.5551948046875 0.31658595625 0.5470779218749999 0.2463680390625 0.5405844156249999 0.1719128328125 0.6420454546875 0.1476997578125 0.7232142859375 0.1343825671875 0.7313311687499999 0.1428571421875 0.7362012984375 0.13922518125 0.7508116890625 0.1428571421875 0.7654220781250001 0.1331719125 0.8076298703125 0.131961259375 0.8384740265625 0.136198546875 0.8425324671875 0.148305084375 0.8327922078125001 0.166464890625 0.83116883125 0.25 0.8571428578125 0.26513317187499996 0.8709415578125 0.26392251875 0.887175325 0.271186440625 0.9099025968750001 0.2838983046875 0.93181818125 0.28813559375 0.93100649375 0.33050847499999997 0.8303571421875 0.3426150125 0.8222402593749999 0.34866828125 0.7946428578125 0.3535108953125 0.703733765625 0.3450363203125 0.5641233765625 0.34079903125 0.5551948046875
3 0.26392251875 1 0.287530265625 0.9983766234375 0.28813559375 0.9829545453125 0.283292978125 0.94399350625 0.26392251875 0.8985389609375 0.2615012109375 0.8709415578125 0.22578692500000003 0.8490259734375 0.1640435828125 0.8327922078125001 0.148305084375 0.8344155843750001 0.1355932203125 0.8465909093749999 0.0859564171875 0.9163961031250001 0.0447941890625 0.99431818125 0.049031476562499995 1 0.26392251875 1
3 0.39406779687500004 0.45779220781249996 0.36138014531249996 0.45454545468749996 0.3492736078125 0.45779220781249996 0.331719128125 0.478084415625 0.31234866875 0.5170454546875 0.3062954 0.54301948125 0.3450363203125 0.5576298703125 0.3535108953125 0.6858766234375 0.3601694921875 0.6964285718750001 0.37288135625 0.6956168828125 0.392251815625 0.684253246875 0.41646489062500003 0.6079545453125 0.427360775 0.5917207796875 0.4309927359375 0.5381493500000001 0.4158595640625 0.46915584375 0.39406779687500004 0.45779220781249996
3 0.42191283281249997 0.32467532499999996 0.39951573906250004 0.36120129843750004 0.37893462499999997 0.4245129875 0.37651331718750003 0.44886363593749995 0.41464891093749995 0.465909090625 0.42433414062499997 0.4870129875 0.442493946875 0.48863636406250005 0.45157385000000005 0.497564934375 0.4552058109375 0.47970779218750004 0.48184019375 0.44886363593749995 0.49152542343750005 0.36444805156250004 0.48002421249999994 0.32467532499999996 0.43401937031250004 0.314935065625 0.42191283281249997 0.32467532499999996
3 0.45157385000000005 0.3043831171875 0.44430992812500003 0.309253246875 0.45338983125 0.3165584421875 0.47518159843749996 0.31980519531249996 0.483050846875 0.328733765625 0.492736078125 0.38068181874999996 0.49878934687500004 0.38717532499999996 0.5145278453125 0.35146103906250004 0.51815980625 0.296266234375 0.5127118640624999 0.27759740312500003 0.483656175 0.26948051875 0.4812348671875 0.253246753125 0.45157385000000005 0.3043831171875
3 0.496973365625 0.23051948125 0.48668280937499997 0.247564934375 0.483050846875 0.26704545468749996 0.5127118640624999 0.27597402656250003 0.5205811140625001 0.296266234375 0.5266343828125 0.2978896109375 0.5405569 0.29545454531250004 0.5460048421875 0.28814934999999997 0.5496368031250001 0.27516233749999996 0.547215496875 0.23944805156250001 0.533292978125 0.23051948125 0.496973365625 0.23051948125
3 0.5520581109375 0.2329545453125 0.54842615 0.197240259375 0.5381355937500001 0.1883116890625 0.51029055625 0.1915584421875 0.49757869218749995 0.221590909375 0.49818401874999996 0.228896103125 0.5520581109375 0.2329545453125
3 0.5496368031250001 0.203733765625 0.577481840625 0.2248376625 0.5847457625 0.2102272734375 0.583535109375 0.1761363640625 0.5659806296875 0.16720779218749998 0.5490314765625001 0.17370129843749998 0.543583534375 0.190746753125 0.5496368031250001 0.203733765625
3 0.5121065375 0.8952922078125001 0.4963680390625 0.9342532468750001 0.48668280937499997 0.9910714281249999 0.4636803875 0.9959415578125 0.6598062953125 0.9991883109374999 0.6598062953125 0.9667207796874999 0.648305084375 0.9139610390625 0.6180387406250001 0.9025974031249999 0.539346246875 0.8879870125 0.5175544796875 0.8879870125 0.5121065375 0.8952922078125001
3 0.6283292984375 0.9001623375 0.6319612593749999 0.8579545453125 0.644067796875 0.8498376625 0.64527845 0.83685065 0.6319612593749999 0.8238636359375 0.6343825671875 0.7443181812499999 0.6295399515625 0.6891233765625 0.6222760296875001 0.6517857140625 0.611985471875 0.6396103890625 0.5357142859375 0.628246753125 0.51815980625 0.6599025968750001 0.5121065375 0.6956168828125 0.49878934687500004 0.7280844156249999 0.483050846875 0.79301948125 0.46125907968749996 0.8011363640625 0.4636803875 0.8141233765625 0.4782082328125 0.8287337656249999 0.4782082328125 0.8417207796874999 0.46246973437500005 0.9099025968750001 0.458837771875 0.99431818125 0.46549636874999994 1 0.48184019375 0.9991883109374999 0.48668280937499997 0.9959415578125 0.49757869218749995 0.9358766234375 0.516343825 0.8896103890625 0.5562954 0.8912337656249999 0.6216707015625 0.90584415625 0.6283292984375 0.9001623375
3 0.6319612593749999 0.572240259375 0.6319612593749999 0.5332792203125 0.6144067796875 0.459415584375 0.5720338984375 0.446428571875 0.5478208234374999 0.45129870156249996 0.5363196125 0.46996753281250003 0.510895884375 0.5543831171875 0.5078692499999999 0.5584415578125 0.5030266343750001 0.5470779218749999 0.49152542343750005 0.552759740625 0.49394673125 0.565746753125 0.507263921875 0.5738636359375 0.495157384375 0.6176948046875 0.49152542343750005 0.6599025968750001 0.49152542343750005 0.7248376624999999 0.49757869218749995 0.7264610390625 0.523002421875 0.6452922078125 0.5381355937500001 0.6266233765625 0.6071428578125 0.6363636359375 0.6234866828125 0.6469155843750001 0.6392251812499999 0.5836038968749999 0.6319612593749999 0.572240259375
3 0.6398305078125001 0.33928571406249997 0.6023002421875 0.33441558437499996 0.595641646875 0.33847402656250003 0.57869249375 0.39529220781249996 0.5714285718750001 0.44237012968749995 0.6168280875 0.46103896093749996 0.6283292984375 0.5202922078125 0.6368038734375 0.5235389609375 0.6622276031250001 0.45698051875 0.6622276031250001 0.4375 0.6707021796875 0.42613636406250005 0.6622276031250001 0.41477272656249997 0.6537530265625 0.34821428593750003 0.6398305078125001 0.33928571406249997
3 0.6035108953125 0.27435065000000003 0.595641646875 0.28165584374999997 0.5871670703125 0.302759740625 0.57869249375 0.36444805156250004 0.5811138015624999 0.3790584421875 0.5986682812499999 0.33441558437499996 0.6464891046875 0.33685065000000003 0.6416464890625 0.291396103125 0.636198546875 0.28084415625000003 0.6277239703124999 0.27435065000000003 0.6035108953125 0.27435065000000003
3 0.6246973359375 0.2508116890625 0.6222760296875001 0.27516233749999996 0.6392251812499999 0.28490259687499997 0.6476997578125 0.3303571421875 0.65920096875 0.34253246718749997 0.6658595640625 0.34172077968750003 0.6731234859375 0.333603896875 0.6779661015625 0.296266234375 0.6707021796875 0.252435065625 0.648305084375 0.2386363640625 0.6313559328125 0.240259740625 0.6246973359375 0.2508116890625
3 0.625907990625 0.21185065 0.6222760296875001 0.247564934375 0.6337772390625 0.2418831171875 0.6567796609375 0.24350649375 0.67554479375 0.26217532499999996 0.6767554484375 0.215097403125 0.6670702171875 0.208603896875 0.660411621875 0.1915584421875 0.6495157390624999 0.19318181875 0.6398305078125001 0.1834415578125 0.625907990625 0.21185065
5 0.65859375 0.55 0.065625 0.19296875
5 0.6828125 0.4640625 0.028125 0.16796875