3 0.4234375 0.54140625 0.146484375 0.276171875
3 0.32421875 0.72734375 0.16875 0.3234375
3 0.18359375 0.86640625 0.2703125 0.2671875
3 0.6296875 0.78125 0.159375 0.359765625
3 0.425 0.38359375 0.108984375 0.1375
5 0.659375 0.52578125 0.06171875 0.190625
3 0.58125 0.93515625 0.216015625 0.123046875
5 0.7953125 0.42890625 0.04609375 0.154296875
3 0.65078125 0.16328125 0.051171875 0.091796875
5 0.034375 0.8890625 0.06875 0.221875
5 0.19140625 0.70390625 0.058203125 0.10625
5 0.36953125 0.9515625 0.0796875 0.096875