3 0.17109375 0.53671875 0.141796875 0.2453125
3 0.41953125 0.79296875 0.184375 0.4078125
3 0.0875 0.79140625 0.174609375 0.4140625
3 0.28671875 0.221875 0.058203125 0.10625
3 0.4 0.48671875 0.124609375 0.225
3 0.64921875 0.63203125 0.134375 0.3203125
3 0.55078125 0.334375 0.091796875 0.200390625
3 0.38359375 0.29609375 0.06875 0.134375
3 0.26953125 0.27890625 0.073828125 0.139453125
3 0.40859375 0.94609375 0.209375 0.107421875
3 0.1953125 0.378125 0.116015625 0.20078125
5 0.8421875 0.92109375 0.072265625 0.1515625
5 0.7171875 0.56171875 0.044140625 0.176171875
5 0.7734375 0.74609375 0.05625 0.244921875
3 0.390625 0.2265625 0.068359375 0.103125
5 0.1796875 0.9265625 0.05859375 0.140625
3 0.49609375 0.20234375 0.064453125 0.113671875
5 0.76640625 0.6296875 0.055078125 0.16484375
5 0.6859375 0.46484375 0.043359375 0.121875
5 0.4859375 0.4703125 0.04375 0.17734375
3 0.42109375 0.10625 0.036328125 0.069140625
5 0.53125 0.159375 0.024609375 0.09375
5 0.265625 0.38359375 0.03125 0.1078125
5 0.36640625 0.1234375 0.020703125 0.066015625
5 0.55703125 0.7921875 0.059375 0.300390625
5 0.615625 0.340625 0.037890625 0.128125
5 0.5671875 0.2265625 0.024609375 0.080859375
5 0.23828125 0.73828125 0.0609375 0.194921875
5 0.834375 0.84375 0.07421875 0.240234375
5 0.28671875 0.478125 0.048046875 0.169140625
5 0.45546875 0.3046875 0.0328125 0.124609375
5 0.4546875 0.15703125 0.025 0.0796875
5 0.33125 0.23046875 0.028125 0.0859375
5 0.21328125 0.83359375 0.0578125 0.20625
5 0.50390625 0.1296875 0.0203125 0.050390625
3 0.32734375 0.13515625 0.038671875 0.076953125
5 0.434375 0.14765625 0.01953125 0.076953125
5 0.39921875 0.04609375 0.014453125 0.044921875
5 0.496875 0.50078125 0.044140625 0.1421875
5 0.26796875 0.6359375 0.057421875 0.18515625
5 0.72578125 0.83203125 0.0734375 0.229296875
5 0.4828125 0.10859375 0.018359375 0.0515625
3 0.440625 0.01875 0.025390625 0.037109375
5 0.47265625 0.09140625 0.016796875 0.0421875
5 0.63828125 0.4375 0.03125 0.081640625
5 0.47578125 0.3109375 0.0296875 0.13125
5 0.475 0.10703125 0.015625 0.051171875
3 0.396875 0.34609375 0.09453125 0.111328125
3 0.36015625 0.04453125 0.0265625 0.045703125
5 0.584375 0.840625 0.084375 0.21875
5 0.3734375 0.1265625 0.021484375 0.06484375
5 0.45859375 0.34375 0.034375 0.105859375
5 0.6265625 0.4453125 0.037890625 0.071484375
3 0.4234375 0.01328125 0.01875 0.0265625
5 0.38046875 0.0890625 0.01875 0.05234375
5 0.44140625 0.146875 0.01875 0.080859375
5 0.4734375 0.40078125 0.034765625 0.123046875
5 0.43671875 0.0640625 0.0171875 0.033984375
5 0.6203125 0.984375 0.103125 0.03125
5 0.559375 0.51328125 0.037890625 0.129296875