3 0.14140625 0.7484375 0.232421875 0.475
3 0.3859375 0.7921875 0.196484375 0.415625
3 0.69140625 0.84453125 0.1984375 0.3109375
3 0.64296875 0.60859375 0.148828125 0.317578125
3 0.24140625 0.49140625 0.1375 0.2421875
3 0.55859375 0.31953125 0.075 0.164453125
5 0.87421875 0.87734375 0.064453125 0.244921875
5 0.509375 0.92890625 0.074609375 0.141796875
3 0.31875 0.31328125 0.08046875 0.166796875
5 0.0203125 0.94609375 0.040234375 0.104296875
6 0.43515625 0.440625 0.1734375 0.4125
5 0.61015625 0.28125 0.0296875 0.103515625
5 0.82734375 0.7171875 0.058203125 0.216015625
5 0.54296875 0.14609375 0.028125 0.066796875