3 0.69609375 0.75234375 0.1703125 0.43125
3 0.5859375 0.54375 0.112109375 0.25703125
3 0.4484375 0.46484375 0.125 0.267578125
3 0.28671875 0.45390625 0.10625 0.1984375
3 0.57109375 0.3953125 0.08125 0.175390625
3 0.31328125 0.3359375 0.089453125 0.140625
3 0.3390625 0.278125 0.078515625 0.143359375
5 0.30625 0.76875 0.056640625 0.208984375
5 0.46640625 0.87890625 0.0734375 0.2390625
3 0.55078125 0.315625 0.069921875 0.11953125
3 0.38125 0.1875 0.053515625 0.099609375
3 0.540625 0.25859375 0.06171875 0.094921875
5 0.1546875 0.65546875 0.053515625 0.159375
3 0.81328125 0.55703125 0.1609375 0.20625
3 0.540625 0.215625 0.058984375 0.0875
5 0.35 0.6234375 0.04453125 0.181640625
3 0.43671875 0.23515625 0.059375 0.095703125
5 0.40546875 0.74140625 0.060546875 0.220703125
3 0.45234375 0.171875 0.044921875 0.09296875
5 0.80390625 0.95625 0.073046875 0.0875
5 0.89609375 0.88125 0.0671875 0.234375
5 0.91875 0.525 0.037109375 0.162890625
5 0.484375 0.73828125 0.058984375 0.148046875
3 0.446875 0.3046875 0.1 0.133984375
6 0.52109375 0.1109375 0.057421875 0.103515625
5 0.66875 0.3890625 0.037109375 0.143359375
5 0.36171875 0.87890625 0.070703125 0.2421875
5 0.43203125 0.9421875 0.0703125 0.115625
5 0.28359375 0.5765625 0.0515625 0.137109375
5 0.2515625 0.87109375 0.062109375 0.251953125
3 0.53046875 0.1671875 0.0453125 0.056640625
5 0.68359375 0.50234375 0.046875 0.0859375
3 0.4546875 0.12109375 0.046484375 0.067578125
3 0.35703125 0.21953125 0.0671875 0.0828125
5 0.2375 0.709375 0.062890625 0.18828125
3 0.96640625 0.94140625 0.0609375 0.114453125
5 0.8328125 0.896875 0.06484375 0.205859375
5 0.86796875 0.4828125 0.038671875 0.12890625
5 0.3734375 0.434375 0.031640625 0.1
5 0.3578125 0.475 0.037109375 0.166015625
1 0.0953125 0.7734375 0.187109375 0.452734375
5 0.1203125 0.90078125 0.083984375 0.19375
5 0.028125 0.87578125 0.055859375 0.2421875
5 0.25703125 0.809375 0.040625 0.128515625
3 0.39296875 0.15078125 0.0453125 0.0609375
5 0.2984375 0.92890625 0.094140625 0.1359375