5 0.459375 0.775 0.08046875 0.265625
5 0.49296875 0.5875 0.071875 0.22421875
5 0.44765625 0.3921875 0.0421875 0.17421875
5 0.8484375 0.60859375 0.06953125 0.2078125
5 0.80703125 0.33671875 0.0359375 0.1296875
5 0.7109375 0.165625 0.021875 0.059375
5 0.57421875 0.16953125 0.01953125 0.0828125
5 0.615625 0.12265625 0.01640625 0.059375
5 0.36077481875 0.690746753125 0.35411622343750004 0.6801948046875 0.3081113796875 0.6590909093749999 0.260895884375 0.6558441562499999 0.24394673125000002 0.6720779218749999 0.21065375312499998 0.7232142859375 0.18401937031249999 0.7784090906250001 0.1791767546875 0.80600649375 0.1537530265625 0.8774350656250001 0.19794188906250001 0.8977272734374999 0.20581113750000002 0.9082792203125001 0.230629540625 0.9967532468750001 0.3038740921875 0.9975649343749999 0.31598062968749996 0.9293831171875 0.3450363203125 0.8579545453125 0.3601694921875 0.85064935 0.36561743281250003 0.83685065 0.36561743281250003 0.7280844156249999 0.36077481875 0.690746753125
5 0.08656174375 0.8766233765625 0.053268765625000006 0.9212662343750001 0.024213075 0.9699675328125 0.014527845312500001 0.9959415578125 0.22033898281250003 1 0.2263922515625 0.9975649343749999 0.2263922515625 0.987824675 0.200363196875 0.9025974031249999 0.1579903140625 0.88149350625 0.10351089531249999 0.8717532468750001 0.08656174375 0.8766233765625
5 0.7191283296875 0.80600649375 0.7221549640625 0.7987012984375 0.7463680390625 0.7954545453125 0.7469733656249999 0.7784090906250001 0.7384987890625 0.7719155843750001 0.733050846875 0.753246753125 0.7142857140625 0.7378246749999999 0.704600484375 0.6339285718750001 0.6937046 0.5836038968749999 0.68341404375 0.5730519484375 0.6700968515625 0.5698051953125 0.611985471875 0.5649350656250001 0.60290556875 0.5754870125 0.5968523 0.6079545453125 0.5799031484375 0.6550324671875 0.5714285718750001 0.7134740265625 0.5538740921875001 0.7159090906250001 0.54842615 0.7264610390625 0.5526634375 0.7386363640625 0.5702179171874999 0.7508116890625 0.55447941875 0.85633116875 0.5496368031250001 0.96185065 0.5550847453125 0.97564935 0.5926150125 0.9675324671875 0.6761501203125 0.98051948125 0.7003631968749999 0.9967532468750001 0.7094431 0.9959415578125 0.716707021875 0.9764610390625 0.72397094375 0.8969155843750001 0.7227602906249999 0.862824675 0.716707021875 0.85633116875 0.7203389828125 0.8514610390625 0.7191283296875 0.80600649375
5 0.66343825625 0.5332792203125 0.6531477 0.50649350625 0.611985471875 0.49350649375 0.5901937046875 0.49350649375 0.5811138015624999 0.5024350656250001 0.5641646484375 0.55600649375 0.561743340625 0.5982142859375 0.5508474578125 0.6323051953125 0.5447941890625 0.68100649375 0.5447941890625 0.697240259375 0.551452784375 0.7094155843750001 0.5677966109375 0.7102272734375 0.5799031484375 0.6485389609375 0.6053268765625 0.5673701296875 0.6180387406250001 0.5600649343749999 0.6519370453125 0.5649350656250001 0.6658595640625 0.5608766234375 0.66343825625 0.5332792203125
5 0.698547215625 0.2978896109375 0.7433414046875 0.309253246875 0.7506053265625 0.2491883109375 0.736682809375 0.2175324671875 0.706416465625 0.2110389609375 0.692493946875 0.247564934375 0.6937046 0.28327922031249997 0.698547215625 0.2978896109375
5 0.6476997578125 0.1615259734375 0.6791767546874999 0.16801948125 0.680387409375 0.1323051953125 0.674334140625 0.112824675 0.6688861984375001 0.10714285781249999 0.6519370453125 0.10876623437499999 0.6464891046875 0.1258116890625 0.6476997578125 0.1615259734375