3 0.38203125 0.85078125 0.20078125 0.2984375
3 0.16328125 0.85078125 0.171875 0.29765625
3 0.15625 0.62421875 0.1359375 0.22265625
3 0.3609375 0.61171875 0.128125 0.24375
3 0.20234375 0.52578125 0.0984375 0.1640625
3 0.23203125 0.42734375 0.078125 0.14375
3 0.25078125 0.359375 0.0640625 0.11640625
3 0.33046875 0.40390625 0.0828125 0.134375
3 0.36328125 0.3421875 0.06015625 0.1
5 0.01875 0.8984375 0.0375 0.18359375
3 0.340625 0.49765625 0.0953125 0.17265625
5 0.59609375 0.93359375 0.0734375 0.1328125
3 0.353125 0.28359375 0.05546875 0.0640625
3 0.34765625 0.240625 0.040625 0.08515625
5 0.51640625 0.82265625 0.0546875 0.24453125
3 0.33359375 0.18515625 0.03203125 0.0546875
5 0.25 0.75078125 0.05078125 0.21328125
5 0.4265625 0.52734375 0.0421875 0.1125
5 0.7109375 0.80859375 0.0546875 0.21640625
3 0.33203125 0.14765625 0.03515625 0.0578125
5 0.40625 0.28359375 0.02578125 0.06875
5 0.56171875 0.78203125 0.04765625 0.2609375
5 0.47890625 0.54765625 0.03828125 0.13515625
5 0.45390625 0.40703125 0.0328125 0.115625
6 0.27265625 0.28359375 0.06953125 0.121875
3 0.28515625 0.20859375 0.04765625 0.0640625
5 0.90546875 0.98046875 0.06015625 0.0390625
5 0.40859375 0.415625 0.0359375 0.1125
5 0.540625 0.896875 0.07109375 0.2
5 0.4734375 0.6140625 0.0484375 0.14765625
5 0.4375 0.30546875 0.02265625 0.06796875
5 0.653125 0.88984375 0.059375 0.21484375
3 0.60234375 0.5609375 0.20390625 0.2671875
5 0.57890625 0.6046875 0.03125 0.159375
5 0.61328125 0.70390625 0.0546875 0.25
5 0.5328125 0.6453125 0.03671875 0.1390625
5 0.80703125 0.9703125 0.05390625 0.05859375
5 0.7515625 0.884375 0.059375 0.23125
5 0.71015625 0.94765625 0.05234375 0.1046875