3 0.2125 0.696875 0.20546875 0.46015625
3 0.4953125 0.81171875 0.17890625 0.3734375
3 0.30390625 0.45859375 0.115625 0.215625
3 0.56640625 0.571875 0.13203125 0.31171875
3 0.50546875 0.39375 0.08359375 0.1828125
3 0.38828125 0.22265625 0.05546875 0.09921875
3 0.3703125 0.2859375 0.0609375 0.11953125
3 0.3359375 0.34375 0.0828125 0.1640625
3 0.4859375 0.2421875 0.06328125 0.12265625
5 0.6484375 0.43125 0.0453125 0.16015625
3 0.528125 0.18359375 0.05078125 0.12421875
3 0.525 0.30078125 0.0734375 0.1203125
3 0.471875 0.1265625 0.059375 0.16484375
3 0.39296875 0.1703125 0.05078125 0.07265625
5 0.59375 0.2125 0.0296875 0.07578125
5 0.7109375 0.578125 0.053125 0.209375
5 0.7421875 0.75859375 0.065625 0.22890625