3 0.3890625 0.68828125 0.156640625 0.325
3 0.18671875 0.6296875 0.189453125 0.366015625
3 0.2609375 0.8578125 0.233984375 0.284375
3 0.40546875 0.45859375 0.113671875 0.196875
3 0.2625 0.4546875 0.097265625 0.196875
3 0.55 0.50078125 0.105859375 0.2171875
3 0.60859375 0.63984375 0.1578125 0.3328125
5 0.82890625 0.57578125 0.05 0.195703125
3 0.52890625 0.25 0.0609375 0.11796875
3 0.53984375 0.39453125 0.076953125 0.14375
3 0.34375 0.30859375 0.071484375 0.120703125
3 0.53203125 0.184375 0.058203125 0.08046875
5 0.790625 0.71171875 0.046484375 0.14375
3 0.41484375 0.12578125 0.041796875 0.0875
3 0.45703125 0.215625 0.057421875 0.11875
3 0.60078125 0.8671875 0.1875 0.26015625
5 0.68984375 0.43515625 0.036328125 0.1375
5 0.875 0.85546875 0.052734375 0.208203125
6 0.3671875 0.20546875 0.09375 0.1671875
3 0.4328125 0.396875 0.083984375 0.137890625
5 0.60546875 0.371875 0.034375 0.0875
3 0.44375 0.32421875 0.07421875 0.104296875
3 0.5453125 0.3234375 0.06484375 0.125
5 0.6296875 0.2640625 0.031640625 0.084375
5 0.58359375 0.26875 0.028125 0.083984375
5 0.68203125 0.559375 0.0328125 0.116015625
5 0.5171875 0.06953125 0.02109375 0.0546875
5 0.72421875 0.68046875 0.0515625 0.1921875
5 0.72265625 0.57734375 0.0328125 0.1578125
5 0.63984375 0.325 0.0296875 0.074609375
5 0.62890625 0.44765625 0.035546875 0.1078125
5 0.82578125 0.8125 0.0515625 0.243359375
5 0.49296875 0.04765625 0.017578125 0.0390625
5 0.7796875 0.6171875 0.04765625 0.108984375
1 0.8484375 0.89140625 0.293359375 0.209375
5 0.45234375 0.1296875 0.020703125 0.071484375
5 0.58984375 0.3234375 0.0296875 0.07734375
5 0.0875 0.909375 0.065625 0.18125
5 0.265625 0.2953125 0.031640625 0.083984375
5 0.28984375 0.2765625 0.0296875 0.08125