3 0.32109375 0.721875 0.1671875 0.31875
3 0.42109375 0.54140625 0.14296875 0.278125
3 0.62734375 0.80390625 0.159375 0.38671875
3 0.18359375 0.865625 0.2671875 0.26875
3 0.425 0.3859375 0.10390625 0.14375
3 0.57890625 0.9328125 0.21796875 0.12734375
5 0.70625 0.1484375 0.02421875 0.05859375
5 0.5203125 0.4109375 0.04140625 0.1546875
5 0.03515625 0.8890625 0.0703125 0.21953125
5 0.66796875 0.21328125 0.0265625 0.08828125
5 0.528125 0.57265625 0.04375 0.1921875
5 0.546875 0.49375 0.03828125 0.15546875
5 0.13125 0.76171875 0.0671875 0.1671875