3 0.44765625 0.821875 0.1640625 0.35625
3 0.3609375 0.5734375 0.11640625 0.2546875
3 0.16640625 0.7640625 0.14453125 0.31953125
3 0.5171875 0.46328125 0.10546875 0.18828125
3 0.20625 0.58515625 0.11015625 0.19609375
3 0.2296875 0.43984375 0.09609375 0.2015625
3 0.346875 0.42421875 0.07890625 0.1359375
3 0.33515625 0.2625 0.0546875 0.08125
5 0.615625 0.88828125 0.0703125 0.2171875
5 0.60703125 0.675 0.03828125 0.125
5 0.2875 0.41328125 0.0328125 0.13046875
5 0.42578125 0.9 0.071875 0.19609375
3 0.2625 0.27421875 0.046875 0.0859375
5 0.5703125 0.5875 0.0453125 0.13671875
3 0.35234375 0.346875 0.07109375 0.109375
5 0.27578125 0.7390625 0.04921875 0.221875
3 0.25 0.315625 0.0578125 0.07109375
3 0.33828125 0.18984375 0.04765625 0.0578125
5 0.49375 0.528125 0.04453125 0.1125
5 0.86484375 0.965625 0.07421875 0.06796875
5 0.3484375 0.94609375 0.07109375 0.1078125
5 0.565625 0.7796875 0.05859375 0.27265625
5 0.41953125 0.4828125 0.03984375 0.165625
5 0.31484375 0.8109375 0.0578125 0.240625
3 0.28203125 0.19453125 0.0453125 0.04921875
5 0.26953125 0.8703125 0.07421875 0.25546875
3 0.33828125 0.3 0.0578125 0.06796875
3 0.33828125 0.209375 0.046875 0.0421875
5 0.81796875 0.90234375 0.06640625 0.1921875
5 0.396875 0.26328125 0.01953125 0.08125
5 0.6359375 0.75390625 0.05078125 0.1421875
5 0.7546875 0.9359375 0.0640625 0.128125
5 0.68984375 0.878125 0.05859375 0.24375
5 0.7328125 0.80078125 0.06640625 0.17265625
5 0.6890625 0.73046875 0.05390625 0.1609375
5 0.4421875 0.53828125 0.046875 0.1546875
5 0.5 0.63046875 0.04140625 0.1671875
5 0.53046875 0.64296875 0.04453125 0.13828125
5 0.45859375 0.3640625 0.034375 0.1125
5 0.409375 0.39609375 0.03203125 0.096875
5 0.40625 0.3484375 0.03046875 0.08046875
5 0.403125 0.31796875 0.03359375 0.06953125