6 0.2015625 0.83515625 0.403125 0.3296875
6 0.43515625 0.3546875 0.27421875 0.53203125
6 0.6140625 0.75078125 0.28359375 0.4984375
6 0.6203125 0.41484375 0.13828125 0.24921875
6 0.64921875 0.26875 0.1 0.140625
6 0.65 0.16875 0.071875 0.14453125
3 0.8734375 0.896875 0.18046875 0.20625
5 0.81015625 0.6484375 0.0640625 0.21328125
5 0.93984375 0.62734375 0.05703125 0.19375
5 0.796875 0.42421875 0.040625 0.15546875
5 0.7328125 0.24609375 0.03203125 0.090625
5 0.71171875 0.17890625 0.0203125 0.06875
5 0.75625 0.15 0.02578125 0.0609375
5 0.7140625 0.13203125 0.02578125 0.05