5 0.52265625 0.4046875 0.04140625 0.16015625
5 0.49140625 0.35703125 0.034375 0.12578125
5 0.70390625 0.38828125 0.040625 0.1515625
5 0.75703125 0.396875 0.040625 0.15859375
5 0.7234375 0.30625 0.0328125 0.0984375
5 0.71875 0.24296875 0.0296875 0.115625
5 0.59140625 0.3078125 0.034375 0.11875
5 0.59921875 0.2390625 0.0390625 0.09140625
5 0.76328125 0.60078125 0.0625 0.24375
3 0.5953125 0.73125 0.19765625 0.4546875
3 0.6671875 0.20078125 0.0484375 0.09140625
5 0.52421875 0.2640625 0.07421875 0.11171875
5 0.64140625 0.1328125 0.02109375 0.0546875
3 0.5265625 0.96640625 0.2515625 0.0671875