3 0.115625 0.84140625 0.22578125 0.3171875
3 0.2453125 0.51953125 0.146484375 0.285546875
3 0.64921875 0.73203125 0.1484375 0.340625
3 0.31328125 0.3421875 0.080078125 0.15859375
3 0.6328125 0.4765625 0.10234375 0.199609375
3 0.35546875 0.24453125 0.060546875 0.1234375
3 0.56484375 0.240625 0.0625 0.124609375
6 0.453125 0.38984375 0.121875 0.317578125
3 0.5421875 0.1765625 0.043359375 0.084375
3 0.38359375 0.1671875 0.0453125 0.087109375
3 0.43828125 0.0734375 0.0265625 0.04375
3 0.53046875 0.14375 0.028125 0.06875
3 0.51640625 0.065625 0.029296875 0.041015625
3 0.46796875 0.12734375 0.042578125 0.0734375
3 0.4703125 0.0984375 0.028125 0.03515625
3 0.46015625 0.21171875 0.05625 0.0609375
3 0.4546875 0.171875 0.044140625 0.056640625