3 0.51953125 0.59453125 0.1390625 0.335546875
3 0.1875 0.5453125 0.146875 0.300390625
3 0.40390625 0.4015625 0.096875 0.196484375
3 0.346875 0.58828125 0.159765625 0.294921875
3 0.2859375 0.3703125 0.08515625 0.215625
5 0.26015625 0.8546875 0.0984375 0.275390625
5 0.08359375 0.88359375 0.091796875 0.226953125
5 0.6203125 0.46875 0.046875 0.196484375
3 0.3265625 0.28671875 0.066015625 0.154296875
3 0.48984375 0.1859375 0.04375 0.075390625
5 0.15625 0.93515625 0.053125 0.123828125
3 0.49609375 0.23671875 0.051953125 0.1046875
3 0.35546875 0.18828125 0.051953125 0.0875
5 0.44765625 0.51953125 0.0453125 0.207421875
3 0.5421875 0.31875 0.074609375 0.140234375
5 0.87578125 0.8921875 0.076953125 0.2
5 0.9671875 0.971875 0.04375 0.05625
6 0.4203125 0.25703125 0.074609375 0.176171875
3 0.528125 0.36796875 0.081640625 0.1640625
3 0.40078125 0.14140625 0.0546875 0.090625
5 0.56796875 0.49140625 0.032421875 0.195703125
5 0.7140625 0.83671875 0.08125 0.304296875
5 0.6390625 0.90546875 0.087890625 0.188671875
5 0.8234375 0.9421875 0.069140625 0.115625