3 0.39375 0.8109375 0.20625 0.377734375
3 0.39375 0.48515625 0.125 0.267578125
3 0.18984375 0.48203125 0.1265625 0.233203125
3 0.13828125 0.6796875 0.14375 0.30625
3 0.37265625 0.27265625 0.073828125 0.161328125
3 0.2109375 0.35078125 0.09140625 0.1359375
5 0.28515625 0.5171875 0.046875 0.171875
3 0.4078125 0.35234375 0.09609375 0.159375
3 0.34921875 0.21640625 0.076171875 0.1296875
5 0.52578125 0.57109375 0.051171875 0.213671875
5 0.27890625 0.2171875 0.028125 0.11015625
5 0.10703125 0.4453125 0.0453125 0.149609375
5 0.28828125 0.45078125 0.0453125 0.1296875
5 0.4453125 0.06875 0.02109375 0.0625
5 0.5859375 0.6421875 0.0625 0.20859375
5 0.0578125 0.575 0.059765625 0.18203125
5 0.09375 0.5015625 0.044140625 0.13359375
5 0.03203125 0.625 0.051953125 0.147265625
3 0.08359375 0.846875 0.1671875 0.30625
5 0.7078125 0.684375 0.05625 0.183984375
5 0.25703125 0.70703125 0.060546875 0.275
5 0.26875 0.58125 0.05 0.14375
5 0.740625 0.628125 0.0375 0.125390625
5 0.53359375 0.815625 0.058203125 0.24921875
5 0.43125 0.0484375 0.016015625 0.03984375
5 0.425 0.03359375 0.016015625 0.040625
6 0.35234375 0.01484375 0.0265625 0.029296875
5 0.83203125 0.88515625 0.078125 0.225
5 0.76328125 0.9578125 0.080078125 0.084375
5 0.66484375 0.96953125 0.079296875 0.060546875
5 0.89140625 0.98828125 0.0859375 0.023046875
5 0.2890625 0.36171875 0.03984375 0.132421875
5 0.4296875 0.02578125 0.01640625 0.04375
5 0.22265625 0.23984375 0.034375 0.089453125
5 0.5953125 0.859375 0.07265625 0.280859375
5 0.6390625 0.7796875 0.06640625 0.2625
5 0.6953125 0.8734375 0.056640625 0.253125
5 0.78984375 0.815625 0.073046875 0.25546875
5 0.790625 0.6828125 0.052734375 0.175
3 0.3890625 0.0390625 0.03359375 0.053515625