5 0.478125 0.90234375 0.083984375 0.1953125
5 0.4109375 0.66015625 0.091015625 0.240625
5 0.6875 0.853125 0.10078125 0.29375
5 0.41640625 0.29375 0.042578125 0.159375
5 0.371875 0.1578125 0.030859375 0.091015625
5 0.41640625 0.2046875 0.035546875 0.084375
3 0.321875 0.1453125 0.056640625 0.112890625
3 0.4296875 0.1640625 0.068359375 0.118359375
3 0.41484375 0.08515625 0.0453125 0.063671875
5 0.35 0.0515625 0.021484375 0.05
5 0.37109375 0.06796875 0.01875 0.046875
5 0.36875 0.10390625 0.024609375 0.0578125