3 0.146875 0.84765625 0.178125 0.3046875
3 0.3546875 0.84375 0.181640625 0.309765625
3 0.246875 0.49296875 0.1 0.198046875
3 0.3796875 0.4671875 0.096484375 0.21015625
5 0.37109375 0.6484375 0.053125 0.11875
5 0.1734375 0.46484375 0.033984375 0.1265625
5 0.48515625 0.65859375 0.0421875 0.128125
5 0.52890625 0.63515625 0.045703125 0.2046875
5 0.55234375 0.8109375 0.0546875 0.216015625
5 0.60859375 0.65390625 0.039453125 0.171875
5 0.54140625 0.95234375 0.057421875 0.0953125
5 0.2796875 0.62734375 0.047265625 0.190625
3 0.34140625 0.2984375 0.059375 0.12734375
5 0.434375 0.43125 0.03203125 0.149609375
5 0.7046875 0.77265625 0.050390625 0.2078125
5 0.4265625 0.73828125 0.03984375 0.123046875
5 0.309375 0.42734375 0.028515625 0.107421875
5 0.46640625 0.53203125 0.046875 0.167578125
5 0.5015625 0.8671875 0.053515625 0.184375
5 0.43046875 0.53984375 0.0296875 0.110546875
5 0.75234375 0.98125 0.059375 0.0375
5 0.2953125 0.25234375 0.02109375 0.078125
5 0.509375 0.9890625 0.05 0.021875
5 0.5890625 0.8875 0.04140625 0.2125
5 0.6296875 0.84296875 0.04765625 0.176953125
5 0.7421875 0.91328125 0.05234375 0.1734375
5 0.475 0.75859375 0.06328125 0.1921875
5 0.4421875 0.61640625 0.044140625 0.158203125
5 0.31953125 0.62890625 0.051171875 0.153125
5 0.49453125 0.43203125 0.0390625 0.146875
3 0.25859375 0.3640625 0.076953125 0.153515625
5 0.4546875 0.31796875 0.027734375 0.108203125