3 0.21640625 0.5765625 0.15 0.306640625
6 0.628125 0.64140625 0.172265625 0.4953125
3 0.303125 0.81953125 0.1875 0.3609375
3 0.37109375 0.62578125 0.155078125 0.2984375
2 0.6125 0.190625 0.075 0.191015625
5 0.8 0.91796875 0.07421875 0.158203125
6 0.40390625 0.34140625 0.176953125 0.429296875
5 0.52890625 0.93984375 0.06875 0.117578125
3 0.2609375 0.40703125 0.102734375 0.201171875
3 0.71640625 0.96953125 0.2296875 0.0609375
5 0.73515625 0.5921875 0.041796875 0.12890625
5 0.93828125 0.925 0.048828125 0.15
3 0.46015625 0.0796875 0.03125 0.055859375
3 0.8765625 0.6109375 0.137109375 0.278125
3 0.12265625 0.97421875 0.2421875 0.051171875
5 0.8953125 0.93203125 0.05390625 0.1296875
3 0.52109375 0.1484375 0.042578125 0.0625
5 0.95390625 0.875 0.030078125 0.112890625
5 0.771875 0.6421875 0.037890625 0.156640625
3 0.553125 0.10625 0.027734375 0.059765625
3 0.5109375 0.07890625 0.030859375 0.057421875
3 0.50625 0.1125 0.037109375 0.04453125
3 0.5203125 0.51484375 0.08125 0.198828125
3 0.5484375 0.309375 0.093359375 0.222265625