3 0.2 0.63984375 0.16953125 0.36484375
3 0.4140625 0.70234375 0.16640625 0.3828125
3 0.590625 0.5515625 0.11953125 0.2734375
3 0.26171875 0.43125 0.11328125 0.1765625
6 0.31171875 0.2765625 0.15546875 0.259375
3 0.55390625 0.33515625 0.07109375 0.1640625
6 0.44609375 0.24765625 0.11328125 0.196875
6 0.5703125 0.22734375 0.07265625 0.12109375
5 0.875 0.6859375 0.059375 0.2
3 0.78125 0.7984375 0.2 0.40234375
5 0.3234375 0.90859375 0.0828125 0.178125
3 0.4328125 0.47421875 0.134375 0.28203125
5 0.8328125 0.45546875 0.04921875 0.140625
5 0.625 0.8875 0.065625 0.2171875
5 0.64609375 0.41875 0.0359375 0.09921875
5 0.440625 0.9328125 0.075 0.134375
5 0.959375 0.9046875 0.04609375 0.18515625
5 0.09140625 0.86796875 0.1296875 0.2640625
5 0.50625 0.8703125 0.065625 0.25234375
5 0.66875 0.46484375 0.03515625 0.11484375
5 0.5578125 0.39296875 0.03203125 0.09296875
5 0.7234375 0.54140625 0.03671875 0.10546875
5 0.71328125 0.60078125 0.04375 0.15390625
5 0.9140625 0.8328125 0.05625 0.2296875
5 0.60546875 0.34140625 0.0375 0.0890625
5 0.6734375 0.9453125 0.0703125 0.109375
5 0.75234375 0.56484375 0.0296875 0.09375
6 0.4859375 0.0875 0.06328125 0.06328125
5 0.59453125 0.38203125 0.03515625 0.103125
5 0.5859375 0.79140625 0.071875 0.2625
5 0.54921875 0.91875 0.059375 0.16171875
5 0.7609375 0.38515625 0.0421875 0.1390625
5 0.80390625 0.39609375 0.0359375 0.13984375
5 0.88671875 0.3640625 0.0546875 0.11953125
5 0.92109375 0.44140625 0.05078125 0.1359375
3 0.50859375 0.21875 0.0421875 0.10234375
3 0.5390625 0.14921875 0.0359375 0.0578125
3 0.425 0.1296875 0.0484375 0.07421875
3 0.4125 0.0953125 0.03125 0.05703125