3 0.41875 0.7640625 0.1875 0.352734375
5 0.3625 0.48671875 0.056640625 0.185546875
3 0.3796875 0.9390625 0.20390625 0.121484375
5 0.8328125 0.578125 0.06875 0.21953125
5 0.8921875 0.6828125 0.050390625 0.159375
3 0.8890625 0.87890625 0.218359375 0.236328125
5 0.07734375 0.85 0.061328125 0.169140625
5 0.715625 0.253125 0.034765625 0.096484375
5 0.13984375 0.8109375 0.053125 0.246875
5 0.81015625 0.6921875 0.0453125 0.12265625
5 0.25625 0.7703125 0.075390625 0.237109375
5 0.66015625 0.14375 0.025 0.071484375
5 0.72421875 0.95234375 0.066796875 0.094921875
6 0.6421875 0.71171875 0.19140625 0.564453125
5 0.2140625 0.88125 0.080859375 0.237109375
5 0.19921875 0.70625 0.059375 0.178515625