3 0.11328125 0.8859375 0.2109375 0.222265625
3 0.2109375 0.753125 0.134375 0.299609375
3 0.2203125 0.5296875 0.124609375 0.233984375
3 0.4015625 0.66171875 0.144140625 0.310546875
3 0.278125 0.41875 0.08671875 0.183984375
5 0.34609375 0.87421875 0.073046875 0.2515625
5 0.0265625 0.84921875 0.053125 0.2046875
5 0.29140625 0.64921875 0.044921875 0.173828125
5 0.54296875 0.9390625 0.071875 0.115625
5 0.05625 0.7375 0.053515625 0.152734375
5 0.10703125 0.6875 0.046875 0.18125
5 0.6640625 0.86953125 0.068359375 0.258203125
5 0.5078125 0.8875 0.053515625 0.21328125
3 0.26328125 0.29609375 0.059375 0.096875
5 0.28515625 0.9453125 0.067578125 0.10625
5 0.80390625 0.89375 0.069921875 0.212109375
5 0.52265625 0.77265625 0.059375 0.226953125
3 0.2828125 0.2015625 0.046484375 0.05625
2 0.3875 0.36484375 0.12421875 0.294921875
5 0.31171875 0.52734375 0.051953125 0.144921875
5 0.4828125 0.6296875 0.047265625 0.225390625
5 0.3953125 0.48515625 0.043359375 0.080078125
3 0.33984375 0.1375 0.029296875 0.06328125
5 0.303125 0.31328125 0.028515625 0.1015625
5 0.41875 0.88984375 0.068359375 0.214453125
5 0.37890625 0.20078125 0.017578125 0.05
5 0.4671875 0.5203125 0.037890625 0.134375
5 0.6328125 0.975 0.075 0.05
5 0.54609375 0.62890625 0.045703125 0.198828125
5 0.1921875 0.38515625 0.034375 0.098046875
5 0.5953125 0.6546875 0.049609375 0.171484375
5 0.21484375 0.35625 0.0375 0.103515625
3 0.2625 0.2671875 0.05546875 0.078125
5 0.72734375 0.9125 0.057421875 0.175