3 0.15 0.659375 0.196875 0.41328125
3 0.35234375 0.7234375 0.1796875 0.35390625
3 0.4203125 0.4984375 0.115234375 0.212109375
3 0.2640625 0.48046875 0.119140625 0.239453125
5 0.5859375 0.4734375 0.053125 0.17890625
3 0.64921875 0.78125 0.1484375 0.41171875
5 0.021875 0.8828125 0.04375 0.224609375
5 0.68359375 0.43515625 0.057421875 0.1859375
3 0.375 0.19140625 0.050390625 0.091796875
5 0.25 0.890625 0.090625 0.21875
3 0.54140625 0.25234375 0.060546875 0.10625
5 0.80078125 0.5828125 0.076171875 0.206640625
5 0.10859375 0.946875 0.06875 0.10625
3 0.4453125 0.22890625 0.062109375 0.0984375
3 0.4375 0.3328125 0.077734375 0.153515625
3 0.340625 0.2703125 0.06875 0.15234375
3 0.28515625 0.35 0.104296875 0.178515625
5 0.0625 0.92578125 0.062109375 0.1421875
3 0.43984375 0.16953125 0.054296875 0.082421875
3 0.3796875 0.1453125 0.046875 0.062109375
5 0.346875 0.9671875 0.06875 0.065234375
3 0.6265625 0.928125 0.209375 0.14375
3 0.47890625 0.05078125 0.035546875 0.053125