3 0.10625 0.78125 0.2125 0.4375
3 0.25234375 0.49921875 0.11796875 0.2171875
3 0.22734375 0.3578125 0.08203125 0.165625
3 0.4453125 0.28125 0.065625 0.15078125
6 0.38125 0.421875 0.13203125 0.3640625
5 0.3421875 0.18203125 0.02734375 0.0859375
6 0.72109375 0.60859375 0.3859375 0.7828125
5 0.1 0.52890625 0.0453125 0.11484375
3 0.2796875 0.18984375 0.07890625 0.175
3 0.41875 0.10546875 0.04765625 0.08046875
3 0.4578125 0.08671875 0.0453125 0.09921875
3 0.3296875 0.0734375 0.03828125 0.06171875
5 0.36015625 0.06015625 0.01875 0.0515625
3 0.390625 0.03671875 0.034375 0.07109375