3 0.0796875 0.72734375 0.158984375 0.398828125
5 0.790625 0.68125 0.065234375 0.216015625
3 0.046875 0.934375 0.093359375 0.13125
5 0.72265625 0.61484375 0.054296875 0.220703125
5 0.64453125 0.6484375 0.060546875 0.17265625
6 0.41953125 0.71953125 0.2140625 0.5546875
5 0.5859375 0.88671875 0.078125 0.219921875
5 0.5734375 0.6203125 0.05390625 0.18984375
5 0.55390625 0.46796875 0.057421875 0.1828125
3 0.8171875 0.86484375 0.109765625 0.2390625
5 0.7 0.92421875 0.072265625 0.1484375
5 0.68984375 0.9765625 0.070703125 0.046484375
5 0.2640625 0.79375 0.075 0.19375
5 0.67109375 0.77109375 0.067578125 0.208203125
5 0.15234375 0.8796875 0.0640625 0.23984375
5 0.16015625 0.759375 0.071875 0.222265625
5 0.78515625 0.59140625 0.0515625 0.169921875
5 0.2328125 0.37890625 0.053125 0.173046875
5 0.2734375 0.409375 0.040625 0.193359375
6 0.4203125 0.32578125 0.12265625 0.283203125
5 0.321875 0.13984375 0.027734375 0.103125
5 0.4796875 0.1671875 0.0375 0.10234375
5 0.47421875 0.10234375 0.023828125 0.092578125
5 0.4390625 0.115625 0.030859375 0.090234375
5 0.3609375 0.08203125 0.027734375 0.066796875
5 0.42890625 0.05703125 0.017578125 0.066796875
5 0.58046875 0.7625 0.064453125 0.20703125