3 0.58359375 0.82578125 0.1859375 0.3484375
3 0.3109375 0.825 0.20390625 0.340625
3 0.14921875 0.784375 0.1921875 0.390625
3 0.2109375 0.4796875 0.109375 0.209765625
3 0.35625 0.6578125 0.11953125 0.290625
3 0.35546875 0.4734375 0.1 0.196875
5 0.828125 0.8828125 0.06796875 0.228515625
5 0.2640625 0.61953125 0.041015625 0.16875
5 0.4578125 0.8875 0.071484375 0.221484375
5 0.753125 0.9453125 0.068359375 0.108984375
3 0.3484375 0.3640625 0.07890625 0.116015625
3 0.259375 0.3328125 0.062890625 0.122265625
5 0.46484375 0.9515625 0.070703125 0.096875
5 0.46328125 0.621875 0.039453125 0.165625
5 0.44453125 0.7453125 0.046875 0.14765625
5 0.13359375 0.5390625 0.033203125 0.10234375
5 0.2109375 0.57265625 0.03359375 0.092578125
5 0.42265625 0.47265625 0.046875 0.1765625
5 0.56640625 0.61328125 0.034375 0.085546875
5 0.48046875 0.43125 0.041796875 0.155859375
5 0.3984375 0.30859375 0.03125 0.080078125
3 0.37109375 0.24453125 0.0390625 0.109375
3 0.3453125 0.30546875 0.059765625 0.09375
5 0.85546875 0.965625 0.0828125 0.06875
5 0.7546875 0.87734375 0.050390625 0.2015625
3 0.24296875 0.41171875 0.0625 0.15
5 0.4015625 0.203125 0.025390625 0.075390625
5 0.50859375 0.621875 0.0421875 0.115625
5 0.72421875 0.68515625 0.076171875 0.201171875
5 0.51640625 0.56484375 0.038671875 0.120703125
5 0.4078125 0.384375 0.03359375 0.10703125