3 0.22421875 0.82265625 0.26171875 0.3546875
3 0.6171875 0.84140625 0.17421875 0.31640625
3 0.6375 0.59765625 0.13359375 0.25859375
3 0.828125 0.7765625 0.1390625 0.3015625
3 0.3359375 0.59765625 0.1625 0.2875
3 0.7421875 0.29609375 0.065625 0.1203125
3 0.465625 0.32890625 0.084375 0.17421875
3 0.4171875 0.4515625 0.10703125 0.18203125
3 0.6234375 0.4609375 0.1109375 0.20859375
3 0.52578125 0.2734375 0.06328125 0.1421875
3 0.57734375 0.97265625 0.2078125 0.0546875
5 0.465625 0.55625 0.05 0.1828125
5 0.890625 0.47578125 0.03828125 0.13046875
5 0.4375 0.8 0.07109375 0.24140625
5 0.51015625 0.7484375 0.06953125 0.25078125
3 0.56484375 0.18828125 0.05078125 0.08046875
5 0.43125 0.91875 0.0765625 0.1625
5 0.53515625 0.64296875 0.05234375 0.2
5 0.665625 0.30859375 0.02890625 0.08359375
3 0.53984375 0.22421875 0.059375 0.0875
5 0.3546875 0.88125 0.0578125 0.2140625
5 0.5765625 0.31015625 0.0265625 0.096875
5 0.92421875 0.76171875 0.05234375 0.16875
6 0.64609375 0.2203125 0.084375 0.20078125
5 0.72109375 0.509375 0.034375 0.1203125
5 0.74140625 0.60859375 0.03828125 0.115625
5 0.4453125 0.69375 0.04609375 0.16484375
5 0.8390625 0.91640625 0.0765625 0.16484375
5 0.9515625 0.6203125 0.0421875 0.18984375
5 0.73828125 0.9515625 0.0734375 0.096875
5 0.3453125 0.95703125 0.05703125 0.0859375
3 0.62734375 0.38671875 0.0765625 0.1359375
5 0.98203125 0.725 0.0359375 0.2125
5 0.9703125 0.93203125 0.05703125 0.1359375
5 0.53984375 0.54921875 0.04609375 0.15390625
5 0.821875 0.975 0.0734375 0.05
5 0.87734375 0.36640625 0.01640625 0.0875
5 0.43515625 0.6203125 0.03828125 0.165625
5 0.69140625 0.3859375 0.02890625 0.09453125
5 0.753125 0.35234375 0.03125 0.0765625
5 0.9484375 0.9828125 0.0671875 0.034375
5 0.97890625 0.84296875 0.0421875 0.2421875
5 0.7171875 0.1921875 0.028125 0.0796875
5 0.86171875 0.984375 0.08125 0.03125
5 0.80234375 0.41796875 0.04140625 0.0734375