3 0.109375 0.790625 0.21875 0.41875
3 0.39765625 0.821875 0.184375 0.35078125
3 0.675 0.775 0.159375 0.355859375
3 0.6296875 0.53671875 0.10859375 0.2109375
3 0.6140625 0.33984375 0.0875 0.170703125
3 0.1984375 0.53828125 0.137890625 0.285546875
3 0.4390625 0.54765625 0.128515625 0.2421875
3 0.28828125 0.38671875 0.080078125 0.16875
3 0.48125 0.36484375 0.08671875 0.1546875
3 0.3296875 0.29296875 0.07109375 0.1453125
3 0.46171875 0.246875 0.063671875 0.11953125
5 0.7859375 0.675 0.04765625 0.18828125
3 0.528125 0.209375 0.05 0.116015625
6 0.434375 0.17421875 0.062109375 0.145703125
3 0.5890625 0.24140625 0.046875 0.1125
5 0.7484375 0.55 0.046875 0.1875
3 0.3828125 0.1375 0.03984375 0.08125
3 0.34453125 0.21015625 0.053125 0.0875
3 0.50546875 0.10234375 0.033203125 0.076953125
3 0.3546875 0.16328125 0.04140625 0.0515625
6 0.46484375 0.00703125 0.0265625 0.0140625
3 0.45078125 0.071875 0.033203125 0.053515625
3 0.46171875 0.0390625 0.0234375 0.03359375
3 0.36953125 0.14609375 0.0390625 0.0796875
5 0.47265625 0.165625 0.015625 0.049609375
3 0.49375 0.0515625 0.021875 0.037109375