2 0.846875 0.65546875 0.30625 0.66875
1 0.6162033296875 0.26963547656250003 0.6217062999999999 0.22536156875 0.5754813390625 0.215030990625 0.5017415187500001 0.37294126250000004 0.43790705 0.50871458125 0.3026493234375 0.9953125 0.42478594843749995 0.9953125 0.5369605359375 0.45411009375000005 0.5732801484375 0.443779515625 0.5886884703125 0.3537559015625 0.5809843109374999 0.33604633906250003 0.5941914421875001 0.2740628671875 0.6162033296875 0.26963547656250003
3 0.148248334375 0.723478084375 0.13493114374999998 0.7315949671875 0.1434057203125 0.7364650968750001 0.139773759375 0.7510754875 0.1434057203125 0.7656858765625 0.133720490625 0.80789366875 0.1325098375 0.8387378249999999 0.1367471234375 0.8427962656249999 0.1488536625 0.83305600625 0.16701346875 0.8314326296875001 0.250548578125 0.85740665625 0.2656817484375 0.87120535625 0.26447109687500003 0.8874391234375001 0.27173501875 0.9101663953125 0.283964303125 0.93125 0.2886927125 0.93125 0.3310570515625 0.830620940625 0.3431635890625 0.8225040578125 0.3492168578125 0.79490665625 0.353125 0.7215401531250001 0.353125 0.6886030484375001 0.345584896875 0.564387175 0.3413476078125 0.5554586031250001 0.317134534375 0.5473417203125 0.2469166171875 0.5408482140624999 0.1724614109375 0.642309253125 0.148248334375 0.723478084375
3 0.14836372656250002 0.8344054375000001 0.1356518625 0.8465807625 0.08601505937500001 0.9163859562500001 0.0453125 0.9934378609375001 0.0453125 0.994924409375 0.047932431250000004 0.9984375 0.28655605781250004 0.9984375 0.2875 0.998372590625 0.2875 0.9773589578124999 0.28335161875 0.943983359375 0.2639811609375 0.8985288140625001 0.2615598515625 0.8709314109375 0.2258455671875 0.8490158265625001 0.164102225 0.8327820625 0.14836372656250002 0.8344054375000001
3 0.3122427375 0.5167512171875 0.30618946875 0.54272524375 0.3449303875 0.557335634375 0.3534049640625 0.6855823875 0.3595449578125 0.6953125 0.37279271875000003 0.6953125 0.392145884375 0.6839590109375 0.416358959375 0.607660309375 0.42725484375 0.59142654375 0.4296875 0.5555448593750001 0.4296875 0.532387375 0.41575363281250005 0.4688616078125 0.393961865625 0.4574979703125 0.3612742140625 0.4542512171875 0.3491676765625 0.4574979703125 0.331613196875 0.47779017812499996 0.3122427375 0.5167512171875
3 0.4239785109375 0.4870129875 0.4421383171875 0.48863636406250005 0.4505165921875 0.496875 0.45135854531249997 0.496875 0.45485018125 0.47970779218750004 0.4814845640625 0.44886363593749995 0.490625 0.369196425 0.490625 0.36256408125 0.47966858281249997 0.32467532499999996 0.4369224140625 0.315625 0.43280619531250003 0.315625 0.421557203125 0.32467532499999996 0.399160109375 0.36120129843750004 0.3785789953125 0.4245129875 0.3761576875 0.44886363593749995 0.41429328125 0.465909090625 0.4239785109375 0.4870129875
3 0.4533746984375 0.31645698125 0.475166465625 0.319703734375 0.4830357140625 0.32863230468750004 0.4927209453125 0.3805803578125 0.4977148921875 0.3859375 0.49927498437500006 0.3859375 0.5145127125 0.35135957812499996 0.5171875 0.31071091093750003 0.5171875 0.2928847625 0.5126967312499999 0.2774959421875 0.4836410421875 0.2693790578125 0.48121973437500004 0.25314529218750004 0.45155871718749996 0.30428165625000003 0.44429479531249993 0.30915178593750003 0.4533746984375 0.31645698125
3 0.5126494390625 0.27533482343750004 0.5205186890625 0.29562703125 0.52517213125 0.296875 0.52871835625 0.296875 0.540494475 0.2948153421875 0.5459424171875 0.287510146875 0.5484375 0.278588334375 0.5484375 0.2577541734375 0.5471530718750001 0.2388088484375 0.533230553125 0.229880278125 0.496910940625 0.229880278125 0.486620384375 0.24692572968749998 0.482988421875 0.26640625 0.5126494390625 0.27533482343750004
3 0.4987836703125 0.2285917203125 0.5340712015625 0.23125 0.5515625 0.23125 0.5515625 0.2218800796875 0.5490258015625 0.1969358765625 0.5387352453124999 0.18800730625 0.5108902078125 0.191254059375 0.49817834375 0.2212865265625 0.4987836703125 0.2285917203125
3 0.5497389515625 0.2036627421875 0.5758302859375 0.2234375 0.5782448046875001 0.2234375 0.584375 0.2111074453125 0.584375 0.19683950156250002 0.5836372578125 0.176065340625 0.566082778125 0.16713676875 0.549133625 0.173630275 0.54375 0.1904744953125 0.54375 0.19081371875 0.5497389515625 0.2036627421875
3 0.512131128125 0.8959111203125 0.4963926296875 0.934872159375 0.48670739999999996 0.9916903390625 0.4640625 0.9964847734375001 0.4640625 0.9965663875 0.5770903953125 0.9984375 0.659375 0.9984375 0.659375 0.9652483953125 0.6483296765625 0.91457995 0.6180633328125 0.9032163140625 0.5393708390625 0.8886059234375001 0.517579071875 0.8886059234375001 0.512131128125 0.8959111203125
3 0.4664365140625 1 0.48155455468749997 0.9992491875 0.4863971703125 0.996002434375 0.49729305312500005 0.9359375 0.5160581859375 0.8896712656249999 0.5560097609375 0.8912946421875001 0.6213850625 0.9059050328125 0.6280436593750001 0.9002232140625 0.6316756203125 0.858015421875 0.64375 0.8499201 0.64375 0.8356995296875 0.6316756203125 0.8239245125 0.634096928125 0.7443790578125 0.6292543125 0.689184253125 0.621990390625 0.651846590625 0.6116998328125 0.639671265625 0.535428646875 0.6283076296875 0.5178741671875 0.6599634734375 0.5118208984375 0.695677759375 0.4985037078125 0.7281452921875 0.48276520781250004 0.7930803578125001 0.460973440625 0.8011972406250001 0.46339474843749995 0.8141842531249999 0.47792259374999996 0.8287946421875001 0.47792259374999996 0.84178165625 0.4621840953125 0.9099634734375 0.4585521328125 0.9943790578125 0.4651393875 1 0.4664365140625 1
3 0.5360699140625 0.4696935890625 0.5106461859375 0.5541091734375 0.5076195515624999 0.5581676140625 0.5027769375 0.5468039765625 0.4912757265625 0.552485796875 0.4936970328125 0.565472809375 0.5070142234375 0.573589690625 0.4949076875 0.6174208609375 0.4912757265625 0.659628653125 0.4912757265625 0.7245637171875 0.4929025421875 0.725 0.497700815625 0.725 0.5227527234375 0.6450182640625 0.537885896875 0.62634943125 0.6068931609375 0.636089690625 0.623236984375 0.646641640625 0.6375 0.5892654171875 0.6375 0.581021715625 0.6317115609374999 0.571966315625 0.6317115609374999 0.5330052765625 0.6141570828125 0.45914164062499996 0.5717842015625 0.44615462812500006 0.5475711249999999 0.4510247578125 0.5360699140625 0.4696935890625
3 0.57866411875 0.3953632296875 0.571400196875 0.44244115156249997 0.6167997125 0.4611099828125 0.6283009234375 0.5203632296875 0.6363252890625 0.5234375 0.6368413828125 0.5234375 0.662199228125 0.4570515421875 0.662199228125 0.4375710234375 0.66875 0.428787034375 0.66875 0.423627740625 0.662199228125 0.41484375 0.6537246515625 0.348285309375 0.6398021328125 0.3393567359375 0.6022718671875 0.33448660625 0.595613271875 0.33854505 0.57866411875 0.3953632296875
3 0.6036016953125001 0.27371144687500004 0.5957324453124999 0.281016640625 0.58725786875 0.3021205375 0.57878329375 0.3638088484375 0.5811558375 0.378125 0.5813203015624999 0.378125 0.5987590796875 0.33377638125 0.646579903125 0.33621144687500004 0.6417372875 0.2907569 0.636289346875 0.280204953125 0.62781476875 0.27371144687500004 0.6036016953125001 0.27371144687500004
3 0.6248184015625 0.25077110468749997 0.6223970953125 0.275121753125 0.639346246875 0.2848620125 0.6478208234375 0.33031655781249997 0.657558515625 0.340625 0.666924940625 0.340625 0.6732445515625 0.33356331250000004 0.6780871671875001 0.29622565 0.6708232453125 0.25239448124999997 0.6484261499999999 0.2385957796875 0.6314769984375 0.24021915625 0.6248184015625 0.25077110468749997
3 0.62257301875 0.247717125 0.634074228125 0.2420353078125 0.65707665 0.243658684375 0.6758417828125001 0.262327515625 0.6765625 0.23430146718749997 0.6765625 0.21492111249999998 0.66736720625 0.2087560875 0.6607086109375 0.1917106328125 0.649812728125 0.193334009375 0.640127496875 0.1835937484375 0.6262049796875 0.212002840625 0.62257301875 0.247717125
5 0.65859375 0.55 0.065625 0.193359375
5 0.6828125 0.4640625 0.028125 0.168359375