5 0.459375 0.775 0.080859375 0.265625
5 0.49296875 0.5875 0.071875 0.224609375
5 0.44765625 0.3921875 0.0421875 0.174609375
5 0.8484375 0.60859375 0.069140625 0.2078125
5 0.80703125 0.33671875 0.0359375 0.1296875
5 0.7109375 0.165625 0.021875 0.059375
5 0.57421875 0.16953125 0.019921875 0.0828125
5 0.615625 0.12265625 0.016015625 0.059375
5 0.19825211874999998 0.89786931875 0.20612136718750002 0.9084212656249999 0.230934078125 0.996875 0.30433205 0.996875 0.316290859375 0.9295251625000001 0.34534655000000003 0.858096590625 0.360479721875 0.8507913953124999 0.365625 0.8377592875 0.365625 0.7258928640625 0.3610850484375 0.6908887984375001 0.354426453125 0.68033685 0.30842160937499996 0.6592329546875 0.26504236875 0.65625 0.260930690625 0.65625 0.2442569609375 0.6722199671875 0.2109639828125 0.72335633125 0.1843296 0.7785511359374999 0.179486984375 0.8061485390625001 0.15406325625 0.8775771109375 0.19825211874999998 0.89786931875
5 0.0867092921875 0.8765625 0.053416314062500005 0.9212053578124999 0.0243606234375 0.96990665625 0.014675393749999998 0.9958806812500001 0.14433641875 0.9984375 0.2242193796875 0.9984375 0.22653979999999999 0.9975040578125001 0.22653979999999999 0.9877637984375 0.2005107453125 0.9025365265625 0.1581378625 0.8814326296875 0.10365844375 0.8716923703124999 0.0867092921875 0.8765625
5 0.6834575515625 0.5726461046875 0.670140359375 0.5693993515625 0.6120289796875 0.564529221875 0.6029490765625 0.5750811687499999 0.5968958078125 0.6075487015625 0.57994665625 0.6546266234375 0.5714720796874999 0.7130681828125 0.5539176 0.715503246875 0.5484696578125 0.7260551953125 0.5527069453125 0.7382305203125 0.570261425 0.7504058453125 0.5545229265625 0.855925325 0.5496803109374999 0.96144480625 0.555128253125 0.97524350625 0.5926585203125 0.9671266234375 0.676193628125 0.9801136375 0.6988631203125 0.9953125 0.7095698406250001 0.9953125 0.7167505296875001 0.9760551953125001 0.7240144515625 0.8965097406250001 0.7228037984375 0.86241883125 0.7167505296875001 0.855925325 0.720382490625 0.8510551953125001 0.7191718375 0.80560065 0.722198471875 0.7982954546875 0.746411546875 0.7950487015625 0.746875 0.7819982765625 0.746875 0.7778945390625001 0.7385422968750001 0.771509740625 0.7330943546875 0.7528409093749999 0.714329221875 0.7374188312500001 0.7046439921875 0.633522728125 0.6937481078125 0.5831980531250001 0.6834575515625 0.5726461046875
5 0.564022775 0.5555296281250001 0.5616014671875 0.5977374203125 0.550705584375 0.6318283296875 0.5446523156249999 0.6805296281250001 0.5446523156249999 0.69676339375 0.5513109109375 0.70893871875 0.560095684375 0.709375 0.5677284125 0.709375 0.579761275 0.6480620953125 0.605185003125 0.5668932640625 0.6178968671875 0.55958806875 0.651795171875 0.5644582 0.6640625 0.5608822484375 0.6640625 0.5415343484374999 0.6632963828125 0.5328023546875 0.6530058265625 0.506016640625 0.6118435984375 0.49302962812500006 0.59005183125 0.49302962812500006 0.580971928125 0.5019582 0.564022775 0.5555296281250001
5 0.7381580249999999 0.3078125 0.7439703 0.3078125 0.75 0.2579532671875 0.75 0.24676526875000002 0.7371386953125 0.2175223203125 0.7068723515625 0.2110288140625 0.6929498328125 0.2475547875 0.6941604859375 0.28326907343749996 0.699003103125 0.2978794640625 0.7381580249999999 0.3078125
5 0.647856765625 0.1608258921875 0.6786943812499999 0.1671875 0.6793382328125 0.1671875 0.6796875 0.15688411875 0.6796875 0.1288474 0.674491146875 0.11212459374999999 0.66904320625 0.10644277656250001 0.6520940515625 0.10806615312500001 0.646875 0.1243954625 0.646875 0.1318638296875 0.647856765625 0.1608258921875