5 0.52265625 0.4046875 0.041796875 0.159765625
5 0.49140625 0.35703125 0.034375 0.126171875
5 0.70390625 0.38828125 0.040625 0.1515625
5 0.75703125 0.396875 0.040625 0.158984375
5 0.7234375 0.30625 0.03359375 0.09921875
5 0.71875 0.24296875 0.03046875 0.115625
5 0.59140625 0.3078125 0.034375 0.11875
5 0.59921875 0.2390625 0.0390625 0.091015625
5 0.76328125 0.60078125 0.0625 0.24375
3 0.5953125 0.73125 0.197265625 0.45546875
3 0.6671875 0.20078125 0.04765625 0.091796875
5 0.52421875 0.2640625 0.073828125 0.112109375
5 0.64140625 0.1328125 0.020703125 0.05390625
3 0.5265625 0.96640625 0.25234375 0.0671875