3 0.3328125 0.8234375 0.19453125 0.3484375
3 0.15078125 0.76875 0.15234375 0.32734375
3 0.4546875 0.6625 0.14921875 0.3125
3 0.2125 0.5734375 0.12109375 0.23203125
3 0.37109375 0.490625 0.09296875 0.20390625
3 0.46953125 0.34609375 0.075 0.1484375
3 0.23671875 0.44296875 0.0921875 0.16015625
5 0.48203125 0.9234375 0.0734375 0.14765625
3 0.3515625 0.2765625 0.05546875 0.11328125
5 0.428125 0.44375 0.03359375 0.11640625
3 0.2734375 0.31015625 0.05703125 0.09921875
3 0.38046875 0.3640625 0.07109375 0.12109375
3 0.28203125 0.26875 0.05234375 0.0671875
3 0.2859375 0.37890625 0.065625 0.11796875
5 0.54375 0.4625 0.040625 0.1515625
3 0.33671875 0.20703125 0.04453125 0.0859375
3 0.35078125 0.33203125 0.0578125 0.096875
5 0.3 0.47421875 0.03828125 0.13203125
3 0.33125 0.16171875 0.03671875 0.0484375
3 0.403125 0.22109375 0.04453125 0.08671875
3 0.2734375 0.21875 0.04609375 0.0765625
3 0.28515625 0.1828125 0.03203125 0.03671875
5 0.31328125 0.43046875 0.03125 0.0765625
5 0.3078125 0.45078125 0.03203125 0.11875
5 0.5109375 0.871875 0.065625 0.24453125
5 0.69453125 0.8609375 0.06875 0.27265625
5 0.028125 0.9625 0.05625 0.075
5 0.76640625 0.93984375 0.06640625 0.1203125
5 0.62890625 0.92421875 0.06640625 0.1515625
5 0.6171875 0.86484375 0.06171875 0.19765625
5 0.56953125 0.79765625 0.07734375 0.24375
5 0.56640625 0.58828125 0.059375 0.1875
5 0.28125 0.61953125 0.0328125 0.1328125
5 0.33984375 0.63046875 0.05078125 0.1