2 0.29921875 0.6890625 0.1890625 0.484375
3 0.537530265625 0.8855519484375 0.5338983046875 0.9050324671875 0.5157384984375 0.9293831171875 0.49757869218749995 0.99431818125 0.5006053265625 1 0.6646489109375 0.9991883109374999 0.66343825625 0.9586038968749999 0.6549636796875 0.94399350625 0.6434624703125 0.8847402593749999 0.62288135625 0.8766233765625 0.551452784375 0.8668831171875 0.537530265625 0.8855519484375
3 0.6610169484374999 0.8612012984374999 0.668280871875 0.8303571421875 0.66343825625 0.7995129875 0.6815980625 0.79301948125 0.6815980625 0.7751623375000001 0.66343825625 0.7654220781250001 0.6652542375 0.75649350625 0.680387409375 0.7443181812499999 0.6828087171874999 0.7248376624999999 0.6707021796875 0.7118506499999999 0.6707021796875 0.6290584421875 0.6628329296875 0.5584415578125 0.6398305078125001 0.5470779218749999 0.5998789343750001 0.5389610390625 0.5792978203125 0.5389610390625 0.572639225 0.5478896109375 0.5520581109375 0.6225649343749999 0.5447941890625 0.68100649375 0.5381355937500001 0.6948051953125 0.5236077484375 0.6883116890625 0.516949153125 0.7004870125 0.516949153125 0.7102272734375 0.531476996875 0.7232142859375 0.524213075 0.7491883109375 0.51815980625 0.8173701296875 0.5157384984375 0.91314935 0.5193704593749999 0.9196428578125 0.5326876515625 0.9017857140625001 0.54661016875 0.8652597406250001 0.6289346250000001 0.8733766234375 0.6549636796875 0.89366883125 0.6525423734375 0.8709415578125 0.6610169484374999 0.8612012984374999
3 0.67130750625 0.5827922078125 0.680387409375 0.5771103890625 0.6779661015625 0.5543831171875 0.692493946875 0.33685065000000003 0.688256659375 0.27272727343750003 0.5986682812499999 0.253246753125 0.5914043578125 0.253246753125 0.5847457625 0.26379870156249996 0.5629539953125 0.328733765625 0.5508474578125 0.546266234375 0.5508474578125 0.5900974031249999 0.555690071875 0.5965909093749999 0.565375303125 0.5771103890625 0.5702179171874999 0.5495129875 0.5829297828125 0.5373376624999999 0.648305084375 0.5487012984375 0.6658595640625 0.5608766234375 0.67130750625 0.5827922078125
3 0.7524213078125 0.5081168828125 0.7300242124999999 0.559253246875 0.7203389828125 0.5949675328125 0.7251815984375 0.6193181812499999 0.7142857140625 0.6306818187500001 0.7203389828125 0.6534090906250001 0.716707021875 0.7086038968749999 0.7191283296875 0.7751623375000001 0.706416465625 0.7840909093749999 0.70157385 0.7743506499999999 0.698547215625 0.7849025968750001 0.7003631968749999 0.7954545453125 0.7136803875 0.7954545453125 0.71549636875 0.7816558437500001 0.7191283296875 0.7832792203125 0.7203389828125 0.8352272734374999 0.710653753125 0.8449675328125 0.710653753125 0.862824675 0.8450363203125001 0.8660714281249999 0.8607748187500001 0.81899350625 0.8644067796874999 0.7491883109375 0.849878934375 0.6387987015625 0.830508475 0.54301948125 0.8117433406250001 0.516233765625 0.7524213078125 0.5081168828125
3 0.47578692499999997 0.27191558437499996 0.4903147703125 0.28165584374999997 0.5024213078125 0.36282467500000004 0.51029055625 0.375 0.5193704593749999 0.3741883109375 0.5387409203125 0.35146103906250004 0.54237288125 0.3076298703125 0.5363196125 0.26704545468749996 0.515133171875 0.25649350625 0.48607748125 0.2581168828125 0.47578692499999997 0.27191558437499996
3 0.535108959375 0.26379870156249996 0.543583534375 0.3125 0.5562954 0.3133116890625 0.5605326875000001 0.322240259375 0.5677966109375 0.302759740625 0.5629539953125 0.23944805156250001 0.5526634375 0.228896103125 0.521186440625 0.23051948125 0.5121065375 0.252435065625 0.535108959375 0.26379870156249996
3 0.501210653125 0.2004870125 0.492736078125 0.247564934375 0.5084745765625 0.252435065625 0.5199757875000001 0.2321428578125 0.5460048421875 0.2264610390625 0.54842615 0.2053571421875 0.5441888625 0.1915584421875 0.516343825 0.1866883109375 0.501210653125 0.2004870125
3 0.6277239703124999 0.2613636359375 0.656174334375 0.26379870156249996 0.66343825625 0.2491883109375 0.6585956421875 0.1826298703125 0.6277239703124999 0.17532467499999999 0.6101694921874999 0.237824675 0.6113801453125001 0.2508116890625 0.6277239703124999 0.2613636359375
3 0.680387409375 0.2248376625 0.6930992734375 0.24350649375 0.716707021875 0.24431818125000002 0.7227602906249999 0.2329545453125 0.7191283296875 0.1761363640625 0.70762711875 0.16883116874999998 0.68341404375 0.16883116874999998 0.6779661015625 0.190746753125 0.680387409375 0.2248376625
3 0.7191283296875 0.1761363640625 0.725786925 0.2175324671875 0.7445520578125 0.2167207796875 0.74818401875 0.190746753125 0.7421307500000001 0.14853896093750002 0.733050846875 0.1396103890625 0.706416465625 0.1396103890625 0.6973365625 0.1615259734375 0.7191283296875 0.1761363640625
3 0.5363196125 0.16314935 0.5278450359375 0.184253246875 0.5429782078125001 0.1915584421875 0.5562954 0.2142857140625 0.5702179171874999 0.2199675328125 0.56658595625 0.1761363640625 0.545399515625 0.16233766249999998 0.543583534375 0.14853896093750002 0.5381355937500001 0.14448051875 0.531476996875 0.1550324671875 0.5363196125 0.16314935
5 0.03515625 0.8921875 0.0703125 0.2125
5 0.1140625 0.84921875 0.08828125 0.3015625
5 0.1546875 0.78984375 0.07890625 0.2859375
5 0.465625 0.875 0.084375 0.25
5 0.47734375 0.759375 0.075 0.25546875
5 0.4953125 0.6625 0.08046875 0.22734375
5 0.51015625 0.5625 0.06171875 0.17109375
1 0.75859375 0.3890625 0.11328125 0.2375
1 1 0.7424994171875 0.8449262609374999 0.38665879531249997 0.8108078359374999 0.33943329375000003 0.8262161562499999 0.5091499421875 0.8713405234374999 0.7703659984375 0.8735417125 0.999114521875 0.9968082765625 0.999114521875 1 0.8150826375 1 0.7424994171875