3 0.2234375 0.8234375 0.18671875 0.353125
3 0.490625 0.821875 0.1796875 0.35546875
3 0.44765625 0.5890625 0.1125 0.2546875
3 0.1859375 0.6453125 0.121875 0.25703125
3 0.378125 0.46875 0.08359375 0.1859375
5 0.35703125 0.90390625 0.0796875 0.1875
5 0.340625 0.6890625 0.06015625 0.25625
3 0.2703125 0.2765625 0.0515625 0.0890625
3 0.36015625 0.303125 0.05625 0.13984375
5 0.1234375 0.8265625 0.05234375 0.165625
5 0.7546875 0.79453125 0.053125 0.20703125
3 0.3875 0.36875 0.0671875 0.14140625
5 0.315625 0.36953125 0.034375 0.10703125
5 0.62890625 0.90078125 0.05859375 0.1984375
3 0.34453125 0.23984375 0.04921875 0.0828125
3 0.29296875 0.16640625 0.03671875 0.0578125
5 0.3140625 0.51484375 0.0359375 0.12265625
5 0.50234375 0.48359375 0.03359375 0.0859375
3 0.278125 0.23671875 0.04765625 0.0546875
5 0.22109375 0.296875 0.02421875 0.06875
5 0.6484375 0.94921875 0.05625 0.1015625
5 0.70546875 0.71875 0.0359375 0.1421875
5 0.40546875 0.290625 0.0265625 0.08828125
5 0.3734375 0.53828125 0.0359375 0.10390625
5 0.2921875 0.57578125 0.04140625 0.14140625
3 0.284375 0.20703125 0.0453125 0.08515625
5 0.09375 0.6890625 0.05703125 0.1703125
3 0.33828125 0.18359375 0.03515625 0.0359375
3 0.3390625 0.153125 0.03125 0.04140625
3 0.2296875 0.465625 0.1 0.21484375
5 0.82421875 0.8828125 0.06484375 0.234375
5 0.44140625 0.38984375 0.03984375 0.11640625
5 0.3515625 0.78359375 0.03984375 0.1546875
5 0.49609375 0.3859375 0.03359375 0.1203125
5 0.03828125 0.88984375 0.0578125 0.21953125
5 0.875 0.9421875 0.03984375 0.11484375
5 0.61484375 0.796875 0.04609375 0.1640625
5 0.6359375 0.6890625 0.040625 0.14609375
5 0.67265625 0.76875 0.05625 0.184375
5 0.5734375 0.7234375 0.05234375 0.19921875
5 0.60078125 0.64296875 0.04296875 0.1609375
5 0.53984375 0.64609375 0.0421875 0.140625
5 0.5125 0.565625 0.04921875 0.17890625