6 0.39296875 0.50078125 0.179296875 0.4265625
3 0.24322223125 0.659872159375 0.19116412031250002 0.7556513812500001 0.147580584375 0.8920150171874999 0.1269994703125 0.9325994312500001 0.123367509375 0.9780539765625 0.128210125 0.9910409890625 0.13773783125 0.9984375 0.33275767031250003 0.9984375 0.33704789687500003 0.9983461859375 0.359444990625 0.9618202124999999 0.3582343375 0.9472098203125 0.370340875 0.9114955359374999 0.377604796875 0.8579241078125 0.387290028125 0.8270799500000001 0.3921875 0.7587824796875 0.3921875 0.7294909109375001 0.39092198906250003 0.7150669640625 0.3697355484375 0.64445008125 0.324941359375 0.6265929375 0.28014717031249997 0.6233461859375 0.2668299796875 0.63146306875 0.24322223125 0.659872159375
3 0.5841688109375001 0.7950487015625 0.57085161875 0.8616071421875 0.55874508125 0.9671266234375 0.5357426609375 0.9979707781249999 0.587952228125 0.9984375 0.7187783734375001 0.9984375 0.7233939921875 0.994724025 0.7234375 0.9942573046875 0.7234375 0.7740985234375 0.7124981078125 0.6538149343749999 0.698575590625 0.6383928562500001 0.6174617890625 0.6270292203125 0.6095925390625 0.6440746749999999 0.587800771875 0.7398538953125 0.5841688109375001 0.7950487015625
3 0.5769616375 0.3885551953125 0.557591178125 0.6726461046875001 0.560012484375 0.744074675 0.5642497734374999 0.7513798703125001 0.5671099374999999 0.7515625 0.5775245921875001 0.7515625 0.5842255609375 0.744074675 0.59512144375 0.7099837671875 0.6023853671875 0.6612824671875 0.61509723125 0.628003246875 0.634467690625 0.6231331171875001 0.70044831875 0.6320616890624999 0.7171875 0.4210719171875 0.7171875 0.3932176203125 0.7077122421875 0.3268668828125 0.6962110328125 0.31793831250000004 0.6792618781249999 0.31956168906250004 0.596937425 0.296834415625 0.5914894828125 0.30251623437499997 0.5769616375 0.3885551953125
3 0.7693534343749999 0.6537540578125001 0.76814278125 0.6748579546875 0.757246896875 0.686221590625 0.7524042843750001 0.7040787328125 0.7415083984375 0.7657670453125001 0.7463510140625 0.7755073046875001 0.7487723203125001 0.8371956171875 0.7336391484375 0.8380073046875 0.7294018609374999 0.8453125 0.738481765625 0.8688514609375 0.751193628125 0.871286525 0.7548255890625 0.892390421875 0.7481669937500001 0.8883319796875 0.7427190515625 0.8956371750000001 0.7427190515625 0.93946834375 0.7524042843750001 0.9849228890624999 0.76753745625 0.9954748375 0.7971228203125 0.996875 0.8191831875 0.996875 0.83230743125 0.92648133125 0.8540991984374999 0.879403409375 0.8631791015625 0.8704748375 0.9171875 0.868865496875 0.9171875 0.849348346875 0.8928401171875 0.7203125 0.872259003125 0.6586241875 0.8595471390625 0.63995535625 0.841387334375 0.630215096875 0.790539875 0.6253449671875 0.7693534343749999 0.6537540578125001
3 0.8637257875 0.87166193125 0.8558565375 0.87734375 0.8340647703125 0.9227982953125 0.8219582328125 0.9861099828125001 0.8246621749999999 0.9984375 0.9890625 0.9984375 0.9890625 0.9937064531249999 0.9757112593749999 0.9325385546874999 0.95876210625 0.8887073859375001 0.9460502421875001 0.8781554375 0.9048880140625 0.8700385546874999 0.8637257875 0.87166193125
3 0.731068403125 0.384922890625 0.7274364421875 0.5082995140625 0.737121671875 0.60083198125 0.7395429796874999 0.6690138 0.7359110171875 0.6820008125 0.7400070624999999 0.6890625 0.742509090625 0.6890625 0.7480175546875001 0.68849431875 0.7849424953125 0.6243709421875 0.8176301468749999 0.622747565625 0.841843221875 0.629241071875 0.852133778125 0.6251826312500001 0.8578125 0.44877656093749996 0.8578125 0.3928021828125 0.852133778125 0.3686891234375 0.832157990625 0.33216315 0.7558868046875 0.3175527609375 0.7425696140625 0.3191761375 0.737121671875 0.329728084375 0.731068403125 0.384922890625
6 0.728505765625 0.35625 0.7291915921875 0.35625 0.7425544796875 0.31651785781249997 0.8018765125 0.32788149375 0.8230629531250001 0.325446428125 0.8265625 0.2456726765625 0.8265625 0.21232969218750003 0.806719128125 0.1720373375 0.7522397093750001 0.1606737015625 0.7334745765624999 0.163108765625 0.7274213078125 0.2394074671875 0.7213680390625 0.262134740625 0.728505765625 0.35625
2 0.5531439171875 0.1617187484375 0.5531439171875 0.2542512171875 0.5567758781250001 0.272108359375 0.5617319953125001 0.2734375 0.562975434375 0.2734375 0.57009306875 0.259121346875 0.574935684375 0.22990056874999998 0.578125 0.1507838046875 0.578125 0.10948967812499999 0.536800090625 0.1024655015625 0.5331681296874999 0.0927252421875 0.5234829000000001 0.091101865625 0.4865579609375 0.12762784062500002 0.48534730625 0.14386160625 0.5531439171875 0.1617187484375
3 0.6638846843749999 0.305854303125 0.69659503125 0.3125 0.703125 0.3125 0.703125 0.277729315625 0.7026256046875 0.252282875 0.6947563578125 0.2449776796875 0.6644900109375 0.24010755 0.6541994546875001 0.2701400171875 0.6638846843749999 0.305854303125
3 0.653749096875 0.3109375 0.6620932953125 0.3109375 0.6625 0.310755715625 0.6625 0.3071834484375 0.661609034375 0.29762581250000003 0.65252913125 0.282203734375 0.6258947484374999 0.2773336046875 0.6143935375 0.2878855515625 0.6149988640624999 0.301684253125 0.653749096875 0.3109375
3 0.626655190625 0.2628449671875 0.6418236734375 0.26875 0.648204828125 0.26875 0.6551055531250001 0.2652800328125 0.66875 0.230212771875 0.66875 0.2256643765625 0.66176415 0.2076501625 0.6302871515625 0.20115665625 0.6212072484375 0.21333198125 0.6203125 0.23372818906249998 0.6203125 0.2419691265625 0.626655190625 0.2628449671875
5 0.0703125 0.88203125 0.075390625 0.235546875
5 0.14921875 0.80703125 0.066796875 0.2421875
5 0.18203125 0.68515625 0.057421875 0.1609375
5 0.2328125 0.60390625 0.049609375 0.144921875
5 0.39765625 0.91328125 0.066796875 0.1734375
5 0.43125 0.815625 0.075 0.26953125
5 0.49921875 0.884375 0.075 0.23125
5 0.475 0.71875 0.04375 0.19296875
5 0.5265625 0.784375 0.071875 0.205859375
5 0.5234375 0.63828125 0.056640625 0.223046875
5 0.53125 0.5421875 0.046484375 0.134375
5 0.5453125 0.48125 0.0375 0.115234375
5 0.93828125 0.79140625 0.0546875 0.1875
5 0.9703125 0.6671875 0.04140625 0.13359375
5 0.97421875 0.79609375 0.0453125 0.229296875
5 0.91875 0.70234375 0.04375 0.15625
5 0.91171875 0.60234375 0.0375 0.11875
5 0.87578125 0.63515625 0.051171875 0.188671875
5 0.8984375 0.52890625 0.03359375 0.114453125
5 0.87109375 0.54453125 0.029296875 0.108203125
5 0.8875 0.48203125 0.025 0.092578125
5 0.86171875 0.46015625 0.025 0.103125