3 0.3778582765625 0.743739853125 0.38270089375 0.6382203734375 0.3802795859375 0.5976359578125 0.36696239531249997 0.54568790625 0.35909314531250003 0.5351359578125 0.3348800703125 0.5286424515625 0.27918999843750003 0.5253956984375 0.2501343078125 0.5546164765625 0.23136917499999998 0.58302556875 0.1986815234375 0.6641943984374999 0.19323358125 0.668252840625 0.185969659375 0.65851258125 0.17688975625 0.6658177765625 0.1793110625 0.68205154375 0.1877856390625 0.6917918015625 0.1877856390625 0.7031554375 0.1684151796875 0.743739853125 0.15509798749999998 0.8005580359375 0.1514660265625 0.842765828125 0.1381488359375 0.8719866062499999 0.20412946562499998 0.8971489453125001 0.223499925 0.9198762171875 0.285243265625 0.926369725 0.28584859375 0.9385450484375 0.290738121875 0.9421875 0.2922272265625 0.9421875 0.3094563421875 0.9344866062499999 0.3185362453125 0.9190645312499999 0.328221475 0.8525060890624999 0.3500132421875 0.797311284375 0.36696239531249997 0.7908177765625 0.3778582765625 0.743739853125
3 0.0321390734375 0.9829849828125001 0.025480478125 0.9984070624999999 0.2375 0.9975970921874999 0.2375 0.9961696265625 0.20949985 0.9074979703125001 0.1756015421875 0.8880174500000001 0.134439315625 0.878277190625 0.1126475484375 0.8831473203125 0.0896451265625 0.902627840625 0.0321390734375 0.9829849828125001
3 0.34750113437499996 0.47695819687499996 0.3359375 0.518823809375 0.3359375 0.5211533578124999 0.3668715953125 0.5418932625 0.38261009375 0.601958196875 0.3850314015625 0.639295859375 0.4018519328125 0.6421875 0.40923085625000005 0.6421875 0.4395108203125 0.5824776765624999 0.44314278125 0.5629971578124999 0.4576706265625 0.5435166390624999 0.459375 0.5115209046875 0.459375 0.494537165625 0.4528280109375 0.4623478078125 0.4455640890625 0.4444906640625 0.43406287812500005 0.43393871562499997 0.379583459375 0.4258218328125 0.365660940625 0.4347504046875 0.34750113437499996 0.47695819687499996
3 0.41272510625000003 0.40701095625 0.41272510625000003 0.42324472343749997 0.44117547031250004 0.435420046875 0.4563086421875 0.4622057625 0.459940603125 0.49954342343749997 0.47265246562499996 0.5052252421875 0.4759477140625 0.5140625 0.48611060625 0.5140625 0.4914176 0.48006290468749996 0.5047347906249999 0.46382913906249995 0.50625 0.4272574984375 0.50625 0.3997176 0.5035241375 0.3826603078125 0.490812271875 0.3461343328125 0.4508606984375 0.33801745 0.4405701421875 0.3518161515625 0.42119968124999996 0.40214082656250005 0.41272510625000003 0.40701095625
3 0.50722230625 0.42300121874999996 0.5277218687499999 0.4296875 0.52977325625 0.4296875 0.536277996875 0.4035206984375 0.5447525734374999 0.39540381562500004 0.5453125 0.3886465203125 0.5453125 0.35192050468749997 0.5386993046875 0.30124797187499996 0.5296194015625 0.289072646875 0.49808943125000005 0.284375 0.496789578125 0.284375 0.48421988593750004 0.29962459531249996 0.475745309375 0.32397524375 0.47453465625 0.338585634375 0.49390511562499995 0.3499492703125 0.5096436140625 0.39865056875 0.50722230625 0.42300121874999996
3 0.49772813125 0.281615259375 0.532231765625 0.29054383125 0.5401010125 0.3010957796875 0.5499331749999999 0.34375 0.5509518359375 0.34375 0.5606821281250001 0.3092126625 0.5558395109375 0.2491477265625 0.5310211109375 0.236972403125 0.5092293437500001 0.2353490265625 0.5001494390625 0.2459009734375 0.49772813125 0.281615259375
3 0.5492376671875 0.244673296875 0.5601335515625 0.2592836859375 0.5601335515625 0.2828125 0.56033785 0.2828125 0.5671875 0.255258228125 0.5671875 0.2170511578125 0.563160184375 0.20490056874999998 0.5407630890624999 0.19110186875 0.5274459 0.19110186875 0.514734034375 0.201653815625 0.506259459375 0.2341213484375 0.5492376671875 0.244673296875
2 0.53259306875 0.18706371718749998 0.56104343125 0.1992390421875 0.5713339890625 0.2390117703125 0.5793863499999999 0.2421875 0.5819847453125 0.2421875 0.599179025 0.20005072968749998 0.60625 0.1065898921875 0.60625 0.08629505625 0.591309775 0.0677455359375 0.57314996875 0.066122159375 0.5574114703124999 0.0677455359375 0.5440942796875 0.082355925 0.533803721875 0.08479099062499999 0.53259306875 0.18706371718749998
5 0.4400329140625 0.834841721875 0.44063824062499996 0.8259131500000001 0.446086184375 0.8283482140625 0.446086184375 0.8056209421875 0.45213945312500003 0.7926339296875 0.44063824062499996 0.7707183453125 0.4309530125 0.7707183453125 0.42550506875 0.7780235390625 0.4267157234375 0.79425730625 0.43519030000000003 0.7991274359375 0.4248997421875 0.804809253125 0.4133985328125 0.823478084375 0.3976600328125 0.8965300328125 0.39100143906249996 0.90708198125 0.38071088125 0.9062702921874999 0.394028071875 0.9338676953125 0.391606765625 0.9971793828125 0.39567254375 0.9984375 0.42902605468750005 0.9984375 0.459375 0.9972287328125 0.459375 0.9772422671875001 0.45698206875 0.9387378249999999 0.45213945312500003 0.9338676953125 0.45335010625 0.9127637984374999 0.44729683593749997 0.898153409375 0.4497181453125 0.8754261375000001 0.4400329140625 0.834841721875
5 0.4491014671875 0.7539366890625 0.4321523140625 0.7539366890625 0.43396829531250003 0.7677353890624999 0.44970679375 0.7644886359374999 0.46241865937500004 0.792897728125 0.4599973515625 0.8075081171875 0.45152277500000004 0.8172483765624999 0.4551547359375 0.8464691562500001 0.452733428125 0.8984172078125001 0.4557600625 0.9024756500000001 0.4702879078125 0.8797483765624999 0.4733145421875 0.9032873374999999 0.47089323437499997 0.917897728125 0.46483996562499996 0.9195211046875 0.4789138171875 0.925 0.48361759531250004 0.925 0.4842104265625 0.8383522734375 0.47694650312500003 0.7864042203125 0.5015625 0.744394275 0.5015625 0.707118778125 0.501159578125 0.700365259375 0.496922290625 0.6946834421875 0.48602640625 0.699553571875 0.4630239859375 0.6914366890625 0.45031212187499997 0.7198457796875 0.4491014671875 0.7539366890625
5 0.4445388171875 0.5648031640625 0.4433281625 0.5777901765625 0.4227470484375 0.6248681 0.42516835625000005 0.6329849828125 0.41427247187500005 0.6394784890625 0.42032574062499994 0.6605823859375 0.417904434375 0.6898031640625 0.42444616875 0.76875 0.43963817968749996 0.76875 0.4505920859375 0.7677252421875 0.4505920859375 0.723894075 0.4626986234375 0.6930499171875 0.465625 0.6263418281249999 0.465625 0.6078923984375 0.46148796875000003 0.59402394375 0.4560400265625 0.5915888796875 0.46027731562499996 0.5859070625 0.45664535468749995 0.5615564125 0.4499867578125 0.559121346875 0.4445388171875 0.5648031640625
5 0.7000794484374999 0.8722605515625 0.6940261796875 0.92583198125 0.677077028125 0.9664163968749999 0.6807089890625 0.995637175 0.7237295687499999 0.9984375 0.743231409375 0.9984375 0.7453125 0.9833685093750001 0.7453125 0.9679484531250001 0.7412416765625001 0.9160917203125001 0.7351884078124999 0.8982345781250001 0.7412416765625001 0.8690137984374999 0.7321617734375 0.8584618515625 0.711580659375 0.8584618515625 0.7000794484374999 0.8722605515625
5 0.70490125625 0.7821428578125 0.6970320078125 0.784577921875 0.689768084375 0.8121753249999999 0.68855743125 0.8300324671875 0.6994533140625 0.8413961046875 0.7000361859375 0.865625 0.701749234375 0.865625 0.7103491984375 0.8608766234375 0.7145864859375 0.8422077921875 0.7327462921875 0.8454545453125 0.7421875 0.83130535625 0.7421875 0.8274196937499999 0.7327462921875 0.7983766234375 0.710954525 0.7951298703125 0.7061119109375 0.8016233765624999 0.7042959296875 0.7943181828125 0.7103491984375 0.7862012984375 0.70490125625 0.7821428578125
5 0.7011917375000001 0.69900568125 0.7011917375000001 0.72335633125 0.6866638921875 0.7525771109375 0.6866638921875 0.7720576296874999 0.6957437953125 0.779362825 0.7393273296875 0.77286931875 0.7421875 0.7659659078125001 0.7421875 0.7649391265625 0.7363006953125 0.74283685 0.726615465625 0.7282264609375 0.7290367734375 0.7038758109375001 0.7241941578125 0.689265421875 0.710271640625 0.68683035625 0.7011917375000001 0.69900568125
5 0.7252648296875 0.603358359375 0.7 0.6646611140625 0.7 0.6675324890625001 0.7016570828125 0.6934557640625 0.7064996984375 0.683715503125 0.72163286875 0.6812804375 0.7167902546875 0.67478693125 0.72587015625 0.6447544625 0.73737136875 0.6471895296875 0.7337394078125 0.6601765421875 0.7361607125 0.68615056875 0.7313181 0.69426745 0.7355553875 0.7031960234375 0.728896790625 0.7267349828125 0.7369785375 0.7453125 0.74286925 0.7453125 0.74947790625 0.7332284890625 0.74947790625 0.7056310859375 0.75432051875 0.6958908265625 0.7458459453125 0.67316355625 0.75432051875 0.668293425 0.75625 0.657944396875 0.75625 0.6493709437499999 0.75432051875 0.6260856328125 0.747056596875 0.6130986187499999 0.7428193109375 0.5879362828125 0.733134078125 0.5814427765625 0.7264754828125 0.590371346875 0.7252648296875 0.603358359375
5 0.804693175 0.5813007296875 0.795613271875 0.588605925 0.7931919640625 0.611333196875 0.7762428124999999 0.648670859375 0.7744393828125 0.7171875 0.7745395921875 0.7171875 0.7822960812499999 0.6843851453124999 0.8010612140625 0.660846184375 0.81861569375 0.6551643656249999 0.8113517703124999 0.6226968328125 0.8107464437499999 0.5845474828125 0.804693175 0.5813007296875
5 0.646875 0.5385349015625 0.65994249375 0.551278409375 0.67204903125 0.61783685 0.68213949375 0.625 0.6823367250000001 0.625 0.6817342609375 0.595109578125 0.690625 0.5518935203125 0.690625 0.5444805171875 0.6805236078125 0.49933035625000005 0.6805236078125 0.4749797078125 0.6714437046875 0.46605113593749997 0.6575211859375 0.4749797078125 0.646875 0.5368405046875 0.646875 0.5385349015625
5 0.6827217015625 0.41707589218749996 0.6887749703125 0.4365564125 0.6924069312500001 0.5063616078125001 0.7056921109375 0.515625 0.708326340625 0.515625 0.7129880453124999 0.5079849828125 0.715409353125 0.48201095625 0.725 0.47718838750000003 0.725 0.433682890625 0.717830659375 0.426816153125 0.7105667375 0.39921875 0.70451346875 0.39434861875 0.70451346875 0.376491478125 0.6960388921875 0.3748680984375 0.6827217015625 0.41707589218749996
3 0.5286811421875 0.6701704546875 0.5232332015625001 0.6790990265625 0.5365503921875 0.6985795453125 0.5196012390625 0.7765016234375001 0.5232332015625001 0.8803977281250001 0.5335237578124999 0.8828327921874999 0.5377610453125 0.8609172078125 0.5432089875 0.8568587671874999 0.5867925234375 0.8730925328125 0.6231121359375 0.8779626625000001 0.6297707328125 0.8852678578125 0.631508625 0.9046875 0.639395434375 0.9046875 0.6461145562499999 0.9039366890625 0.652773153125 0.8950081171875001 0.658826421875 0.856047078125 0.658826421875 0.805722403125 0.649141190625 0.792735390625 0.6473252125 0.7789366890625 0.6648796906250001 0.77163149375 0.6660903453125 0.7261769484375 0.678125 0.70842583125 0.678125 0.7077157859375001 0.660037075 0.555722403125 0.6436932515625 0.5419237015625 0.5843712156249999 0.537053571875 0.5740806593750001 0.555722403125 0.5438143140625 0.6661120125 0.5286811421875 0.6701704546875
3 0.7791672968750001 0.6983867703125 0.7706927203125 0.7357244328125 0.7737193546875 0.77062703125 0.8064070062500001 0.773873784375 0.81064429375 0.7795556015625 0.8088283140625 0.7949776796875 0.7858258921875 0.793354303125 0.7719033734375 0.800659496875 0.7719033734375 0.8379971609375 0.78643121875 0.8461140437499999 0.785220565625 0.862347809375 0.7755353359375 0.8720880687499999 0.7840099125 0.961373784375 0.7894578531249999 0.965432225 0.8076176593750001 0.94595170625 0.9093125750000001 0.9573153421875 0.9307320656250001 0.98125 0.931122590625 0.98125 0.9329203234375001 0.9402698859375 0.9268670546875001 0.8802049515625001 0.940625 0.8602194531249999 0.940625 0.858825759375 0.92323509375 0.8526075499999999 0.9147605171875 0.7892958609375 0.8820728671875001 0.6772828750000001 0.8499905406250001 0.661860796875 0.8076176593750001 0.65861404375 0.7791672968750001 0.6983867703125
3 0.47715331250000004 1 0.671875 0.9976756312499999 0.671875 0.9963097453125 0.664779434375 0.9838676953125001 0.6599368171875 0.9919845781250001 0.6496462609375 0.9863027593749999 0.633302434375 0.9595170453125 0.5437140578124999 0.9221793828125 0.50255183125 0.9238027593749999 0.491655946875 0.9351663953125 0.47591744687500004 0.93354301875 0.47107483281249996 0.9254261359375 0.46138960156250003 0.9319196421875 0.4698641796875 0.9416599031249999 0.47894408125 0.9376014609375 0.47773342812499997 0.9505884734375 0.47168015937499996 0.9570819796875 0.4741014671875 0.9716923703125 0.4632055828125 0.9976663953125 0.468426528125 1 0.47715331250000004 1
3 0.8663722375 0.9984375 0.9328125 0.997397534375 0.9328125 0.99374915625 0.9235377578125 0.9730215109374999 0.9071939312499999 0.959222809375 0.8151842468750001 0.9478591734374999 0.7988404203125 0.9535409890625001 0.7794560234375 0.9984375 0.8663722375 0.9984375
3 0.620827028125 0.389803165625 0.594797971875 0.4506797890625 0.5929819921874999 0.52941355625 0.6455373390625 0.540625 0.64632933125 0.540625 0.6516986984375001 0.5302252421875 0.658962621875 0.47665381562500003 0.669253178125 0.470971996875 0.6807543890625001 0.47827719062499996 0.67833308125 0.49775770937499997 0.68438635 0.5058745953125 0.685597003125 0.5204849828125 0.6916502734375001 0.5188616078125 0.6880183109375 0.48477069687499996 0.6921875 0.47358969218749997 0.6921875 0.45191759062500003 0.6916502734375001 0.43606939999999994 0.6868076578125 0.43282264687499994 0.6819650421875 0.4052252421875 0.6728851390624999 0.3946732953125 0.6414081421875 0.3865564125 0.620827028125 0.389803165625
3 0.7384098828125001 0.5333299499999999 0.7371992296875 0.5755377421875 0.7480951109375 0.6047585234375 0.7662549171874999 0.6258624187499999 0.7680709 0.641284496875 0.7723081875 0.6388494312499999 0.7710975343750001 0.6307325500000001 0.7892573406250001 0.5706676125000001 0.7959159359375 0.5633624187499999 0.8086278 0.573914365625 0.8158917234375 0.5917715109375 0.8122597624999999 0.6193689109375 0.8171023765625 0.6437195625000001 0.8382888156250001 0.6575182640625 0.853125 0.65678145 0.853125 0.618700246875 0.8485793749999999 0.5041091718749999 0.8273929343749999 0.441609171875 0.78623070625 0.42862215781249996 0.75838566875 0.42862215781249996 0.7493057671875001 0.4505377421875 0.7384098828125001 0.5333299499999999
3 0.7309965187499999 0.531747159375 0.7376551140625 0.5358056015625 0.7539989390625 0.4294744328125 0.776396034375 0.4254159890625 0.805451725 0.431909496875 0.80625 0.42584381406249994 0.80625 0.41234894375 0.7963718203125 0.356422484375 0.7667108046875 0.344247159375 0.7455243640625 0.346682225 0.7297858640625 0.40674715937499994 0.7261539031249999 0.4960328734375 0.7309965187499999 0.531747159375
3 0.618645959375 0.38397930156250004 0.6664667828125 0.391284496875 0.6828106078125 0.406706575 0.6904863 0.43125 0.6918337593749999 0.43125 0.7027863953125 0.42537540468749996 0.7058130296875 0.41969358906250004 0.7021810687500001 0.406706575 0.6900745296874999 0.38722605468750004 0.6912851859375 0.3450182640625 0.6828106078125 0.33690138125 0.6840212625000001 0.29307021093749996 0.647035340625 0.2796875 0.643403834375 0.2796875 0.6362004390625 0.2808948875 0.63196315 0.28982345625 0.6259098828125 0.3385247578125 0.6113820375000001 0.35638190000000003 0.618645959375 0.3709922875 0.618645959375 0.38397930156250004
3 0.7227943406249999 0.4375 0.7235866078125001 0.4375 0.7310797531250001 0.424360796875 0.7310797531250001 0.393516640625 0.743186290625 0.3480620953125 0.778125 0.3472680328125 0.778125 0.32776855 0.7680046921875 0.3099127421875 0.72805311875 0.3034192375 0.711709290625 0.3659192375 0.7104986390625 0.39676339375 0.7165519078125 0.42760755 0.7227943406249999 0.4375
3 0.7070779359375 0.3796875 0.7171421 0.3598417203125 0.7256166765625001 0.3062702921875 0.75625 0.3031105609375 0.75625 0.301359878125 0.7468031171875 0.28273133125 0.712299484375 0.280296265625 0.697771640625 0.3160105515625 0.69898229375 0.3663352265625 0.70659695 0.3796875 0.7070779359375 0.3796875
3 0.6021629296875 0.3546875 0.602540184375 0.3546875 0.6222268468750001 0.3394886375 0.6331227296875 0.28267045468749996 0.6546875 0.27810470781249996 0.6546875 0.2614143671875 0.65370384375 0.2502029234375 0.61314694375 0.236404221875 0.604067040625 0.2518263 0.598013771875 0.28429383124999996 0.5968031171875 0.3411120140625 0.6021629296875 0.3546875
3 0.681572659375 0.2328125 0.6828125 0.2328125 0.6828125 0.15291193125 0.6796648015625 0.1486911546875 0.6590836859375 0.147067778125 0.6500037828125 0.1754768671875 0.6500037828125 0.2274249203125 0.681572659375 0.2328125
5 0.8359375 0.4540271578125 0.849912984375 0.508685065625 0.8535449453125 0.57524350625 0.857412984375 0.578125 0.8591554296874999 0.578125 0.8734375 0.474709821875 0.8734375 0.46733619375 0.8565715796875001 0.40884740312499995 0.845675696875 0.4072240265625 0.8390171015625001 0.42751623437499997 0.843859715625 0.43563311718750003 0.8359375 0.4508087890625 0.8359375 0.4540271578125
5 0.790625 0.27773050312500003 0.7800639375 0.25164366875 0.76977338125 0.280052759375 0.7685627265625 0.3027800328125 0.7824852453125 0.3328125 0.790625 0.2855155921875 0.790625 0.27773050312500003
5 0.716515965625 0.21033888125 0.716515965625 0.2428064125 0.7237798875 0.259040178125 0.722569234375 0.27365056718749997 0.738913059375 0.2809557640625 0.7453125 0.257852890625 0.7453125 0.21411450156249998 0.7443610015625 0.1892349828125 0.738913059375 0.1835531640625 0.732859790625 0.193293425 0.7268065218750001 0.185176540625 0.7219639078125 0.1884232953125 0.716515965625 0.21033888125
5 0.884375 0.3345380109375 0.884375 0.31349533281249997 0.8795115765625001 0.3108867703125 0.8807222296875 0.294653003125 0.874246746875 0.2828125 0.8738896046875 0.2828125 0.8601411171875 0.30926339375 0.8589304625 0.3271205359375 0.861351771875 0.37906858906249996 0.87322374375 0.384375 0.874140728125 0.384375 0.884375 0.3345380109375