3 0.44140625 0.80390625 0.1953125 0.3921875
5 0.8734375 0.93203125 0.08515625 0.1359375
5 0.546875 0.3640625 0.05 0.140625
5 0.02265625 0.72109375 0.044921875 0.075
5 0.2828125 0.6640625 0.08125 0.25390625
3 0.73984375 0.9546875 0.2203125 0.090625
5 0.3109375 0.24375 0.03515625 0.11796875
5 0.42578125 0.2203125 0.032421875 0.109375
5 0.8328125 0.85390625 0.072265625 0.217578125
5 0.478125 0.23828125 0.034375 0.117578125
3 0.6671875 0.82578125 0.225 0.3484375
5 0.44609375 0.0984375 0.028125 0.08984375
5 0.37109375 0.06484375 0.025 0.0625
5 0.58828125 0.23671875 0.029296875 0.116796875
5 0.2640625 0.9140625 0.096875 0.171484375
3 0.04921875 0.878125 0.0984375 0.240625
5 0.42734375 0.03671875 0.0203125 0.051171875
5 0.1671875 0.87578125 0.06875 0.244921875
5 0.29296875 0.18125 0.028125 0.090234375
5 0.075 0.87890625 0.05703125 0.236328125
5 0.4515625 0.08515625 0.02265625 0.085546875
5 0.4078125 0.02265625 0.01640625 0.040625
5 0.47109375 0.09375 0.016796875 0.05625
5 0.43046875 0.0171875 0.0203125 0.034375