3 0.4421875 0.88203125 0.174609375 0.23125
3 0.146875 0.89296875 0.16796875 0.20625
3 0.21328125 0.7203125 0.1390625 0.309375
3 0.40390625 0.64296875 0.140625 0.289453125
3 0.234375 0.48046875 0.102734375 0.207421875
3 0.2671875 0.27578125 0.07734375 0.103125
5 0.53828125 0.784375 0.0671875 0.209375
3 0.37265625 0.46796875 0.076171875 0.158203125
5 0.48984375 0.5140625 0.0359375 0.14609375
5 0.2859375 0.6125 0.046875 0.20703125
5 0.16171875 0.49140625 0.0390625 0.13125
5 0.94296875 0.9703125 0.051171875 0.058984375
5 0.6671875 0.690625 0.053125 0.15703125
5 0.49375 0.6375 0.037109375 0.13125
3 0.375 0.353125 0.07578125 0.146875
5 0.3203125 0.53828125 0.041015625 0.1484375
5 0.59609375 0.71171875 0.051171875 0.1578125
5 0.12734375 0.55390625 0.033203125 0.1171875
5 0.13046875 0.5234375 0.03125 0.071875
3 0.27578125 0.3734375 0.076953125 0.144140625
5 0.85 0.9734375 0.059375 0.053125
5 0.44296875 0.49765625 0.028125 0.095703125
5 0.784375 0.89609375 0.062109375 0.204296875
5 0.20625 0.553125 0.034765625 0.078515625
5 0.4734375 0.540625 0.02890625 0.078125
5 0.71484375 0.9484375 0.048046875 0.096875
5 0.5765625 0.61015625 0.030859375 0.098828125
5 0.73125 0.78984375 0.05 0.225
5 0.05 0.80625 0.066015625 0.190625
5 0.0828125 0.725 0.06640625 0.18203125
5 0.10625 0.6609375 0.049609375 0.17890625
5 0.02578125 0.92109375 0.051171875 0.154296875
3 0.33828125 0.28203125 0.057421875 0.10625
3 0.33984375 0.228125 0.05625 0.065234375
3 0.27734375 0.23046875 0.046875 0.076171875
5 0.43203125 0.40625 0.041796875 0.128515625