3 0.3890625 0.68828125 0.15703125 0.325
3 0.18671875 0.6296875 0.18984375 0.36640625
3 0.2609375 0.8578125 0.23359375 0.284375
3 0.40546875 0.45859375 0.11328125 0.196875
3 0.2625 0.4546875 0.09765625 0.196875
3 0.55 0.50078125 0.10546875 0.2171875
3 0.60859375 0.63984375 0.1578125 0.3328125
5 0.82890625 0.57578125 0.05 0.19609375
3 0.52890625 0.25 0.0609375 0.1171875
3 0.53984375 0.39453125 0.07734375 0.14375
3 0.34375 0.30859375 0.07109375 0.12109375
3 0.53203125 0.184375 0.05859375 0.0796875
5 0.790625 0.71171875 0.04609375 0.14375
3 0.41484375 0.12578125 0.04140625 0.0875
3 0.45703125 0.215625 0.05703125 0.11875
3 0.60078125 0.8671875 0.1875 0.2609375
5 0.68984375 0.43515625 0.03671875 0.1375
5 0.875 0.85546875 0.05234375 0.20859375
6 0.3671875 0.20546875 0.09375 0.1671875
3 0.4328125 0.396875 0.08359375 0.13828125
5 0.60546875 0.371875 0.034375 0.0875
3 0.44375 0.32421875 0.0734375 0.10390625
3 0.5453125 0.3234375 0.0640625 0.125
5 0.6296875 0.2640625 0.03203125 0.084375
5 0.58359375 0.26875 0.028125 0.08359375
5 0.68203125 0.559375 0.0328125 0.11640625
5 0.5171875 0.06953125 0.0203125 0.0546875
5 0.72421875 0.68046875 0.0515625 0.1921875
5 0.72265625 0.57734375 0.0328125 0.1578125
5 0.63984375 0.325 0.0296875 0.07421875
5 0.62890625 0.44765625 0.03515625 0.1078125
5 0.82578125 0.8125 0.0515625 0.24296875
5 0.49296875 0.04765625 0.01796875 0.0390625
5 0.7796875 0.6171875 0.0484375 0.10859375
1 0.8484375 0.89140625 0.29296875 0.209375
5 0.45234375 0.1296875 0.02109375 0.07109375
5 0.58984375 0.3234375 0.0296875 0.0765625
5 0.0875 0.909375 0.065625 0.18125
5 0.265625 0.2953125 0.03203125 0.08359375
5 0.28984375 0.2765625 0.0296875 0.08125