3 0.6 0.7140625 0.153515625 0.309375
3 0.24609375 0.3875 0.1078125 0.240234375
3 0.51640625 0.40078125 0.0921875 0.165625
3 0.3921875 0.3296875 0.08984375 0.168359375
3 0.6328125 0.371875 0.08515625 0.1625
6 0.58828125 0.19453125 0.065625 0.1671875
5 0.728125 0.37265625 0.03671875 0.125
3 0.5171875 0.2171875 0.046875 0.096875
3 0.42890625 0.19453125 0.04375 0.0875
3 0.30859375 0.3140625 0.06875 0.153125
3 0.49296875 0.265625 0.054296875 0.112109375
3 0.4203125 0.26640625 0.055859375 0.133203125
3 0.36640625 0.1828125 0.0484375 0.094140625
6 0.34375 0.60546875 0.200390625 0.414453125
3 0.5078125 0.08046875 0.031640625 0.058203125
3 0.65 0.9703125 0.20625 0.059375
3 0.384375 0.1359375 0.03828125 0.068359375
5 0.56484375 0.33046875 0.032421875 0.115625
3 0.44765625 0.10546875 0.0390625 0.063671875
3 0.49609375 0.128125 0.0359375 0.062109375
3 0.5140625 0.053125 0.025390625 0.037890625
3 0.396875 0.10625 0.033984375 0.04296875
3 0.55 0.13359375 0.03046875 0.045703125
3 0.33125 0.22421875 0.06328125 0.1
3 0.471875 0.0609375 0.028515625 0.05
3 0.496875 0.15703125 0.041015625 0.1
3 0.53671875 0.103125 0.028125 0.056640625
3 0.5046875 0.1609375 0.037890625 0.068359375
3 0.54375 0.12109375 0.030859375 0.025
5 0.62890625 0.27421875 0.023828125 0.054296875
3 0.08203125 0.74296875 0.1640625 0.3046875
6 0.21328125 0.84453125 0.4234375 0.3109375