3 0.5359375 0.86640625 0.187109375 0.2671875
3 0.2015625 0.53671875 0.11015625 0.1921875
3 0.28515625 0.8484375 0.169921875 0.3
3 0.178125 0.71171875 0.141015625 0.295703125
3 0.3359375 0.5234375 0.090234375 0.21875
3 0.23671875 0.41484375 0.089453125 0.160546875
5 0.859375 0.8734375 0.071484375 0.240234375
3 0.3390625 0.31015625 0.05625 0.109375
5 0.91953125 0.93046875 0.060546875 0.134375
5 0.4171875 0.7921875 0.062109375 0.262890625
5 0.3125 0.68984375 0.047265625 0.11875
5 0.4390625 0.3953125 0.034765625 0.13125
5 0.58984375 0.665625 0.0453125 0.19296875
5 0.41875 0.26640625 0.02578125 0.0796875
5 0.475 0.471875 0.03046875 0.137890625
5 0.74921875 0.91171875 0.055078125 0.176171875
5 0.27578125 0.49375 0.032421875 0.14453125
3 0.34140625 0.2359375 0.0390625 0.056640625
5 0.309375 0.3859375 0.028515625 0.124609375
3 0.36015625 0.39453125 0.058203125 0.1421875
5 0.39921875 0.459375 0.030078125 0.105859375
5 0.10859375 0.9328125 0.073828125 0.134375
5 0.39765625 0.31796875 0.028125 0.0828125
5 0.628125 0.75078125 0.049609375 0.251953125
5 0.553125 0.61640625 0.0375 0.167578125
5 0.31796875 0.39296875 0.026171875 0.123828125
5 0.53359375 0.4484375 0.039453125 0.131640625
5 0.67421875 0.68515625 0.0453125 0.135546875
5 0.28125 0.46796875 0.027734375 0.101171875
5 0.28359375 0.29296875 0.0328125 0.1125
5 0.30546875 0.6265625 0.04375 0.143359375
5 0.38125 0.2265625 0.022265625 0.05234375
3 0.2796875 0.22578125 0.043359375 0.107421875
5 0.51171875 0.55234375 0.025 0.1015625
5 0.31796875 0.6140625 0.0390625 0.162109375
5 0.328125 0.590625 0.037109375 0.124609375
5 0.65078125 0.87890625 0.059375 0.2375
5 0.428125 0.30625 0.027734375 0.087109375
5 0.846875 0.97421875 0.065234375 0.0515625
5 0.80234375 0.62265625 0.0625 0.215625
5 0.4734375 0.37421875 0.040625 0.148828125