3 0.44765625 0.821875 0.1640625 0.35625
3 0.3609375 0.5734375 0.116015625 0.25390625
3 0.16640625 0.7640625 0.144921875 0.319140625
3 0.5171875 0.46328125 0.105859375 0.188671875
3 0.20625 0.58515625 0.109765625 0.195703125
3 0.2296875 0.43984375 0.096484375 0.2015625
3 0.346875 0.42421875 0.078515625 0.1359375
3 0.33515625 0.2625 0.0546875 0.08125
5 0.615625 0.88828125 0.06953125 0.2171875
5 0.60703125 0.675 0.038671875 0.125
5 0.2875 0.41328125 0.03203125 0.130078125
5 0.42578125 0.9 0.071875 0.196484375
3 0.2625 0.27421875 0.046875 0.0859375
5 0.5703125 0.5875 0.04609375 0.137109375
3 0.35234375 0.346875 0.070703125 0.109375
5 0.27578125 0.7390625 0.048828125 0.221875
3 0.25 0.315625 0.05703125 0.071484375
3 0.33828125 0.18984375 0.048046875 0.0578125
5 0.49375 0.528125 0.044140625 0.1125
5 0.86484375 0.965625 0.073828125 0.068359375
5 0.3484375 0.94609375 0.071484375 0.1078125
5 0.565625 0.7796875 0.058984375 0.272265625
5 0.41953125 0.4828125 0.039453125 0.165625
5 0.31484375 0.8109375 0.0578125 0.240625
3 0.28203125 0.19453125 0.0453125 0.048828125
5 0.26953125 0.8703125 0.073828125 0.255859375
3 0.33828125 0.3 0.0578125 0.068359375
3 0.33828125 0.209375 0.046875 0.04296875
5 0.81796875 0.90234375 0.066796875 0.1921875
5 0.396875 0.26328125 0.019140625 0.08125
5 0.6359375 0.75390625 0.050390625 0.1421875
5 0.7546875 0.9359375 0.06484375 0.128125
5 0.68984375 0.878125 0.058203125 0.24375
5 0.7328125 0.80078125 0.066015625 0.173046875
5 0.6890625 0.73046875 0.053515625 0.1609375
5 0.4421875 0.53828125 0.046875 0.1546875
5 0.5 0.63046875 0.041015625 0.1671875
5 0.53046875 0.64296875 0.044921875 0.138671875
5 0.45859375 0.3640625 0.034375 0.1125
5 0.409375 0.39609375 0.031640625 0.096875
5 0.40625 0.3484375 0.030859375 0.080859375
5 0.403125 0.31796875 0.033984375 0.069921875