3 0.5390625 0.803125 0.18125 0.39375
3 0.2515625 0.4640625 0.1234375 0.23203125
3 0.1578125 0.6828125 0.1984375 0.36484375
3 0.328125 0.78203125 0.1984375 0.43203125
3 0.54140625 0.47265625 0.10859375 0.23515625
3 0.303125 0.37109375 0.08359375 0.15703125
5 0.75234375 0.4734375 0.04609375 0.15
5 0.79765625 0.59765625 0.0515625 0.209375
3 0.37421875 0.2296875 0.0578125 0.1171875
3 0.41015625 0.42109375 0.10078125 0.25234375
5 0.828125 0.84453125 0.08125 0.21875
3 0.53359375 0.3046875 0.07734375 0.12578125
5 0.140625 0.91328125 0.08359375 0.17109375
3 0.33828125 0.2953125 0.0671875 0.1359375
5 0.68671875 0.87421875 0.06953125 0.25078125
3 0.52109375 0.38046875 0.08125 0.14140625
5 0.6921875 0.390625 0.03828125 0.121875
5 0.47109375 0.6078125 0.05625 0.21875
5 0.69375 0.74140625 0.04765625 0.171875
5 0.63671875 0.27890625 0.03515625 0.10859375
5 0.5109375 0.14453125 0.021875 0.0796875
5 0.54609375 0.17421875 0.02578125 0.0890625
5 0.66015625 0.32109375 0.03125 0.08828125
5 0.51953125 0.05390625 0.02265625 0.0453125
5 0.50234375 0.23359375 0.02734375 0.06171875
5 0.40078125 0.9640625 0.075 0.07109375
3 0.44296875 0.040625 0.0375 0.0546875
5 0.6 0.36875 0.03515625 0.11875
5 0.5109375 0.2359375 0.0265625 0.0625
6 0.43984375 0.23828125 0.075 0.21640625
5 0.709375 0.6125 0.0484375 0.221875
5 0.628125 0.746875 0.05078125 0.14453125
5 0.55546875 0.56171875 0.04921875 0.103125
5 0.65703125 0.390625 0.03203125 0.11953125
3 0.39375 0.1296875 0.040625 0.0421875
5 0.60546875 0.31953125 0.02578125 0.07890625
5 0.51796875 0.1453125 0.021875 0.08203125
3 0.3921875 0.146875 0.04375 0.0703125
5 0.62265625 0.45625 0.03984375 0.1375
5 0.1828125 0.96640625 0.0765625 0.06640625
5 0.48828125 0.11015625 0.01640625 0.06171875
5 0.7734375 0.9015625 0.06328125 0.19609375