3 0.128125 0.85859375 0.1953125 0.28203125
3 0.38046875 0.81875 0.178125 0.36171875
3 0.1859375 0.603125 0.12890625 0.2703125
3 0.22265625 0.453125 0.0890625 0.175
3 0.36796875 0.61015625 0.128125 0.1984375
3 0.6578125 0.6265625 0.17109375 0.31640625
5 0.58515625 0.7578125 0.053125 0.20078125
5 0.55234375 0.68203125 0.0390625 0.1734375
5 0.2828125 0.5640625 0.0375 0.1921875
5 0.45234375 0.51015625 0.04609375 0.12109375
5 0.425 0.41953125 0.03984375 0.1421875
5 0.4609375 0.60859375 0.04375 0.1765625
3 0.35546875 0.4828125 0.09609375 0.1484375
3 0.246875 0.3671875 0.05703125 0.1375
5 0.6453125 0.96328125 0.05390625 0.07265625
5 0.3890625 0.278125 0.028125 0.08828125
5 0.42734375 0.36484375 0.0234375 0.075
5 0.321875 0.27578125 0.021875 0.07734375
5 0.4796875 0.759375 0.0484375 0.1984375
5 0.33671875 0.3171875 0.03203125 0.0859375
5 0.43203125 0.284375 0.0359375 0.0953125
5 0.3140625 0.278125 0.0234375 0.0796875
5 0.27578125 0.4046875 0.02109375 0.1140625
5 0.728125 0.93671875 0.0625 0.1265625
5 0.51484375 0.925 0.0546875 0.14921875
5 0.5328125 0.78671875 0.04921875 0.18125
5 0.646875 0.875 0.0625 0.184375
5 0.57265625 0.8984375 0.0640625 0.203125