1 0.859375 0.8203125 0.2765625 0.359375
5 0.3859375 0.925 0.0625 0.15
5 0.53046875 0.909375 0.07109375 0.18125
5 0.4140625 0.85859375 0.0546875 0.23515625
5 0.4453125 0.7640625 0.0609375 0.275
5 0.5015625 0.85390625 0.078125 0.28984375
5 0.51875 0.74140625 0.084375 0.190625
5 0.53203125 0.63984375 0.071875 0.21796875
5 0.05 0.89453125 0.08203125 0.21015625
5 0.1203125 0.80234375 0.08125 0.25234375
5 0.19921875 0.70703125 0.08359375 0.2609375
5 0.246875 0.62109375 0.0671875 0.18203125
5 0.7515625 0.66640625 0.04609375 0.1828125
5 0.8078125 0.66640625 0.053125 0.20390625
5 0.875 0.678125 0.04609375 0.1875
5 0.934375 0.684375 0.0546875 0.18671875
5 0.9375 0.540625 0.0421875 0.1375
1 0.77265625 0.371875 0.14453125 0.18359375
5 0.58515625 0.52890625 0.05078125 0.165625
5 0.5859375 0.4484375 0.0390625 0.11875
3 0.3510895890625 0.8352272734374999 0.363801453125 0.8214285718750001 0.38196125937500003 0.8165584421875 0.38861985468750004 0.8027597406250001 0.38861985468750004 0.6956168828125 0.36561743281250003 0.6176948046875 0.36138014531249996 0.6120129875 0.311743340625 0.6006493500000001 0.28510895937499997 0.608766234375 0.2324455203125 0.677759740625 0.20581113750000002 0.7426948046875 0.1610169484375 0.9050324671875 0.162227603125 0.9261363640625 0.1700968515625 0.9350649343749999 0.23184019375 0.9659090906250001 0.251210653125 0.9967532468750001 0.2978208234375 0.9991883109374999 0.315375303125 0.9983766234375 0.322639225 0.9902597406250001 0.33898305156249997 0.9488636359375 0.3450363203125 0.8969155843750001 0.35472155 0.8644480515625 0.3510895890625 0.8352272734374999
3 0.428571428125 0.5056818187500001 0.41828087187499996 0.48863636406250005 0.3492736078125 0.47727272656249997 0.3280871671875 0.5170454546875 0.3147699765625 0.55600649375 0.31053268749999996 0.5503246749999999 0.307506053125 0.5543831171875 0.31234866875 0.572240259375 0.3111380140625 0.5965909093749999 0.36501210624999997 0.6136363640625 0.3898305078125 0.6891233765625 0.3910411625 0.7134740265625 0.404358353125 0.7199675328125 0.42130750624999996 0.703733765625 0.43341404375000003 0.6485389609375 0.450363196875 0.6112012984375 0.456416465625 0.54301948125 0.43341404375000003 0.5365259734375 0.428571428125 0.5056818187500001
3 0.5581113796875 0.8644480515625 0.537530265625 0.9780844156249999 0.5381355937500001 1 0.717917675 0.9991883109374999 0.717917675 0.9034090906250001 0.70762711875 0.88149350625 0.6458837765625 0.8652597406250001 0.5841404359375 0.8636363640625 0.575665859375 0.8538961031250001 0.5581113796875 0.8644480515625
3 0.24334140468749998 1 0.246973365625 0.9959415578125 0.240920096875 0.9829545453125 0.212469734375 0.95616883125 0.1809927359375 0.9415584421875 0.12530266406249999 0.9301948046874999 0.1095641640625 0.9301948046874999 0.061743340625 0.9959415578125 0.07324455156250001 1 0.24334140468749998 1
3 0.6610535328125 0.770243153125 0.6731600703125 0.7669964 0.687687915625 0.73615224375 0.705847721875 0.7507626328125 0.7088743562500001 0.764561334375 0.7125063171875 0.69962626875 0.7064530484375 0.629821075 0.6943465109375 0.5567691265625 0.6792133390624999 0.53647691875 0.6537896109375 0.5283600359375 0.623523265625 0.5316067890625 0.6035474796875 0.5794964 0.5853876734375 0.6655353609375 0.5708598281249999 0.6720288671875 0.582966365625 0.6931327625 0.57207048125 0.8067691265624999 0.5805450578125 0.8441067890625 0.59386225 0.8473535421875 0.6247339203125 0.8303080875 0.6319978421875 0.8351782171875 0.637445784375 0.8002756203124999 0.6350244765624999 0.7824184765625 0.6562109171875 0.7783600359375 0.6610535328125 0.770243153125
3 0.4763922515625 0.33766233749999996 0.44552058125 0.40503246718749997 0.428571428125 0.41964285781250005 0.42615012031250005 0.44237012968749995 0.4322033890625 0.453733765625 0.4237288140625 0.48295454531250004 0.4249394671875 0.49431818125 0.436440678125 0.5308441562499999 0.460653753125 0.5438311687499999 0.5030266343750001 0.5519480515625 0.513317190625 0.56899350625 0.524213075 0.5251623375000001 0.535108959375 0.5089285718750001 0.543583534375 0.4504870125 0.543583534375 0.40827922031249997 0.52239709375 0.34902597343749997 0.4763922515625 0.33766233749999996
3 0.52239709375 0.34253246718749997 0.5338983046875 0.36769480468750004 0.5411622281249999 0.41477272656249997 0.54842615 0.41801948125 0.5581113796875 0.35146103906250004 0.55447941875 0.302759740625 0.545399515625 0.28733766250000004 0.50181598125 0.27922077968750003 0.483050846875 0.3303571421875 0.52239709375 0.34253246718749997
3 0.4903147703125 0.27516233749999996 0.545399515625 0.28733766250000004 0.55447941875 0.3011363640625 0.5605326875000001 0.333603896875 0.572639225 0.27678571406249997 0.5677966109375 0.2053571421875 0.5490314765625001 0.189935065625 0.5187651328125 0.185064934375 0.49878934687500004 0.21834415625 0.4903147703125 0.27516233749999996
3 0.6489104109375 0.43912337656249995 0.6428571421875 0.5186688312500001 0.648305084375 0.5292207796875 0.6858353515625 0.5438311687499999 0.69128329375 0.5511363640625 0.7058111375 0.6144480515625 0.717917675 0.6176948046875 0.7324455203125 0.6047077921875 0.7372881359375001 0.5803571421875 0.7324455203125 0.44399350625 0.7112590796875 0.409090909375 0.666464890625 0.402597403125 0.6489104109375 0.43912337656249995
3 0.6973365625 0.33847402656250003 0.688256659375 0.31980519531249996 0.6495157390624999 0.3165584421875 0.6331719125 0.33685065000000003 0.6343825671875 0.35633116875000004 0.62711864375 0.35633116875000004 0.6295399515625 0.38392857187499996 0.6234866828125 0.447240259375 0.6246973359375 0.47970779218750004 0.6319612593749999 0.484577921875 0.6416464890625 0.47970779218750004 0.6476997578125 0.43912337656249995 0.6640435828125 0.402597403125 0.69975786875 0.403409090625 0.7021791765625001 0.377435065625 0.6973365625 0.33847402656250003
3 0.6331719125 0.3271103890625 0.6404358359375 0.3303571421875 0.6519370453125 0.314935065625 0.69128329375 0.31899350625 0.684624696875 0.266233765625 0.6428571421875 0.26055194843749996 0.6331719125 0.3125 0.6331719125 0.3271103890625
3 0.6222760296875001 0.2978896109375 0.6222760296875001 0.3206168828125 0.6283292984375 0.3254870125 0.6434624703125 0.259740259375 0.6791767546874999 0.26055194843749996 0.6779661015625 0.247564934375 0.6700968515625 0.2353896109375 0.6368038734375 0.2329545453125 0.6222760296875001 0.2978896109375
3 0.6374092015625 0.2077922078125 0.62711864375 0.23133116875 0.62711864375 0.24107142812500001 0.6331719125 0.247564934375 0.6410411625 0.23051948125 0.6749394671875 0.2418831171875 0.6791767546874999 0.2329545453125 0.674334140625 0.2232142859375 0.6791767546874999 0.21834415625 0.6374092015625 0.2077922078125
3 0.7384987890625 0.2021103890625 0.73184019375 0.19318181875 0.7112590796875 0.189935065625 0.7009685234374999 0.21185065 0.6937046 0.247564934375 0.6949152546875 0.27840909062499997 0.696731234375 0.28571428593750003 0.70157385 0.28084415625000003 0.7070217921874999 0.29301948125 0.7221549640625 0.2646103890625 0.7354721546875 0.27435065000000003 0.7372881359375001 0.28977272656249997 0.7409200968749999 0.28814934999999997 0.7445520578125 0.23944805156250001 0.7384987890625 0.2021103890625
3 0.8662227609375 0.46753246718749997 0.8105326875 0.465909090625 0.8050847453125 0.471590909375 0.79661016875 0.5105519484375 0.7990314765625001 0.5641233765625 0.8129539953125 0.5633116890625 0.8184019375 0.56899350625 0.831719128125 0.6323051953125 0.8383777234374999 0.6379870125 0.8535108953125 0.6371753250000001 0.8704600484375 0.6128246749999999 0.87288135625 0.5900974031249999 0.8874092015624999 0.58198051875 0.8813559328125 0.484577921875 0.8759079906249999 0.472402596875 0.8662227609375 0.46753246718749997
5 0.76328125 0.5328125 0.0421875 0.1328125