3 0.121875 0.721875 0.1625 0.3265625
3 0.3125 0.634375 0.125 0.27734375
3 0.18046875 0.55859375 0.121875 0.2421875
3 0.46953125 0.3765625 0.0953125 0.171875
3 0.23515625 0.4453125 0.08359375 0.1671875
3 0.3984375 0.4609375 0.10234375 0.26796875
5 0.57109375 0.590625 0.040625 0.15234375
3 0.090625 0.925 0.12109375 0.15
5 0.26875 0.91328125 0.05859375 0.16875
5 0.53125 0.93125 0.06875 0.13046875
5 0.3015625 0.2875 0.025 0.08984375
5 0.6265625 0.6296875 0.04375 0.109375
3 0.259375 0.3703125 0.06171875 0.14921875
3 0.68984375 0.96171875 0.1078125 0.0765625
5 0.61171875 0.759375 0.0546875 0.221875
5 0.42734375 0.85703125 0.05546875 0.2578125
5 0.2453125 0.80546875 0.0515625 0.165625
5 0.49765625 0.84609375 0.0625 0.178125
5 0.528125 0.684375 0.04921875 0.146875
3 0.3421875 0.30546875 0.0578125 0.1015625
5 0.521875 0.6 0.034375 0.1171875
5 0.384375 0.90546875 0.046875 0.184375
5 0.38984375 0.7734375 0.0359375 0.1359375
5 0.309375 0.38046875 0.03046875 0.1015625
5 0.48359375 0.5609375 0.04765625 0.1671875
5 0.8328125 0.7828125 0.08046875 0.2765625
5 0.321875 0.85703125 0.07265625 0.2640625
5 0.553125 0.775 0.0578125 0.1515625
3 0.340625 0.21875 0.046875 0.09765625
5 0.48203125 0.48671875 0.040625 0.1359375
5 0.3078125 0.47109375 0.05 0.10390625
5 0.74765625 0.803125 0.05390625 0.209375
5 0.7890625 0.84296875 0.04765625 0.153125
5 0.79765625 0.9421875 0.05703125 0.115625
5 0.68046875 0.70859375 0.05390625 0.19453125
5 0.6828125 0.80390625 0.07265625 0.17890625