3 0.212013846875 0.6131594984375 0.178125 0.8176478734374999 0.178125 0.858300240625 0.19506469375 0.8777698859375 0.27981045625 0.9037439125000001 0.311582534375 0.90625 0.321745990625 0.90625 0.3294472609375 0.898873784375 0.3681881796875 0.725172484375 0.3796875 0.5385960375 0.3796875 0.5265726468749999 0.373030796875 0.5027698875 0.318551378125 0.48328936875000006 0.278599803125 0.48328936875000006 0.2580186890625 0.5011465109375 0.2265416921875 0.5644582 0.212013846875 0.6131594984375
3 0.4139717 0.6562195609375 0.39823320156249997 0.7747260546875 0.39702254843749996 0.847778003125 0.41155039374999997 0.86401176875 0.47450438906250003 0.8802455359374999 0.5007226296875 0.88125 0.5176157671875 0.88125 0.5265625 0.8737520296874999 0.5484375 0.727090090625 0.5484375 0.6766978156250001 0.545932959375 0.5815442359375 0.5398796906250001 0.5685572234375 0.5071920390625 0.5571935859375 0.4660298125 0.555570209375 0.443027390625 0.5701806 0.4139717 0.6562195609375
3 0.6636463375 0.528784496875 0.6491184921875 0.57748579375 0.632169340625 0.68949878125 0.6345906484375 0.7463169625 0.73342576875 0.7953125 0.737170846875 0.7953125 0.742944159375 0.7942065734375 0.759287984375 0.6375507296875 0.735074909375 0.535278003125 0.71388846875 0.5214793015625 0.6751475484375 0.5166091703125 0.6636463375 0.528784496875
3 0.5172083093750001 0.9243607953125 0.5082942890625 0.996875 0.6934130374999999 0.996875 0.696875 0.9113263437500001 0.696875 0.8706447468749999 0.69396375625 0.7782568984375 0.6860945078125 0.7693283265625 0.6340363953125 0.7514711843749999 0.5613971703125 0.7433543015625 0.549895959375 0.7652698859375 0.5172083093750001 0.9243607953125
3 0.8226940828125 0.6456879062499999 0.7875851234375 0.67003855625 0.7688199906250001 0.7146814125 0.762766721875 0.7893567359375 0.7785052203125 0.9338372578125 0.7894011046875 0.9744216734375 0.8973765421875 0.996875 0.9163608671875 0.996875 0.9231783437500001 0.9963372578125 0.9334689015625001 0.9338372578125 0.935890209375 0.8055905031249999 0.8910960203125 0.6643567359375 0.8808054625 0.655428165625 0.8226940828125 0.6456879062499999
3 0.11374028124999999 0.9984375 0.203125 0.9973103203125 0.203125 0.9957919015625001 0.17056030625000002 0.9283076296875 0.1148702328125 0.9023336046875 0.07128670000000001 0.9072037343750001 0.0089380296875 0.9908076296875 0.01048986875 0.9984375 0.11374028124999999 0.9984375
3 0.3819896328125 0.64298904375 0.4011608390625 0.65 0.40204886562500003 0.65 0.4183092453125 0.5926643671875 0.4359375 0.477626659375 0.4359375 0.4711642625 0.42436251562500005 0.40597605625 0.4080186890625 0.3954241078125 0.3680671140625 0.3954241078125 0.3226675984375 0.46928774375 0.31903563749999997 0.48389813281249994 0.3819896328125 0.64298904375
3 0.4424636796875 0.47132710937500005 0.4457324515625 0.471875 0.45341316875000004 0.471875 0.50625 0.42692754062500005 0.50625 0.3473577421875 0.4969430984375 0.313859578125 0.4545702171875 0.30736607031249996 0.4333837765625 0.32441152500000003 0.42127723906250003 0.35850243437499996 0.41643462343750004 0.39259334375 0.4424636796875 0.47132710937500005
3 0.5746405875 0.2883319796875 0.5765625 0.2638494390625 0.5765625 0.2539163921875 0.569797971875 0.205539771875 0.5327217015625 0.1984375 0.5315498515625 0.1984375 0.5141079000000001 0.22989042187500003 0.5056333234375 0.26398133125 0.5074493046875 0.3037540578125 0.5588778828125001 0.3109375 0.5659207484375 0.3109375 0.5746405875 0.2883319796875
3 0.611007278125 0.609375 0.616226546875 0.609375 0.6428230921875 0.6022422890625 0.6894332624999999 0.5072747578125 0.690625 0.48090756875 0.690625 0.44092557968749996 0.6870119546875 0.403378653125 0.6573509375000001 0.38957995156249997 0.6282952468749999 0.38795657499999997 0.6010555390625 0.48617086093750006 0.6010555390625 0.6030539765625 0.611007278125 0.609375
5 0.314217615625 0.9984375 0.3308463015625 0.9984375 0.3359375 0.9878869375000001 0.3359375 0.9789582453125 0.3320747578125 0.951765421875 0.320573546875 0.9395900984375001 0.305440375 0.94851866875 0.29575514531249997 0.9809862015625 0.298176453125 0.9972199671875 0.314217615625 0.9984375
5 0.40447373593749997 1 0.45 0.9978454140625 0.45 0.9909991375 0.44109601875 0.91339285625 0.43201611562500003 0.8898538953124999 0.42354153906249997 0.88823051875 0.4144616359375 0.8987824671875 0.40235509843750006 0.9539772718749999 0.39934439374999997 1 0.40447373593749997 1
5 0.8196674484375001 0.9404423703125 0.8160354875 0.9777800328125 0.8211620015625 0.996875 0.8485667640625 0.996875 0.8765681750000001 0.995637175 0.88262144375 0.9615462671874999 0.8590136953125 0.8617086046875 0.8481178125 0.8600852281250001 0.8426698703125 0.8673904218749999 0.8196674484375001 0.9404423703125
5 0.9984375 0.996875 0.9984375 0.8667742578125001 0.9845698390625 0.8683238640625 0.960962090625 0.895109578125 0.9512768609375 0.93569399375 0.9506843093749999 0.996875 0.9984375 0.996875
5 1 0.7918690171875 0.974328465625 0.715817775 0.96282725625 0.718252840625 0.9507207171875001 0.7702008921875 0.9495100640624999 0.8903307625 0.9518954296875 0.903125 0.959213296875 0.903125 1 0.8807863156250001 1 0.7918690171875
5 0.88782389375 0.6546875 0.8899324484375001 0.6546875 0.890625 0.6463296609375 0.890625 0.6386868265625 0.8736177828124999 0.5765625 0.87139263125 0.5765625 0.865687425 0.5771509734375 0.8499489265625 0.6144886359374999 0.8453125 0.639356746875 0.8453125 0.640739140625 0.8505542531250001 0.6477678578125 0.88782389375 0.6546875
5 0.7849216859375 0.6528003250000001 0.80792410625 0.6576704546875 0.81875 0.643153915625 0.81875 0.6168932734375 0.8182146640625 0.5967938312500001 0.80792410625 0.5618912328125 0.7952122421875 0.5643262984375 0.77947374375 0.6114042203125 0.7782630890625 0.637378246875 0.7849216859375 0.6528003250000001
5 0.83359375 0.57421875 0.048828125 0.1625
5 0.765299575 0.6078125 0.7664636515625001 0.6078125 0.7798520734375 0.58517654375 0.79375 0.4857853109375 0.79375 0.47705712031249997 0.7907479562499999 0.45692978906250004 0.7731934781249999 0.430144075 0.7616922671874999 0.44231939843749996 0.74232180625 0.5348518671875 0.748375075 0.5835531656249999 0.765299575 0.6078125
5 0.42923842187499994 0.63125 0.429889353125 0.63125 0.4671875 0.549482025 0.4671875 0.5306705828125 0.4507472 0.4834314109375 0.439245990625 0.4777495921875 0.4325873921875 0.4899249171875 0.4229021640625 0.5353794625 0.42411281875 0.619795046875 0.42923842187499994 0.63125
5 0.528125 0.5490804015624999 0.522911621875 0.493790584375 0.5126210640625 0.48973214374999996 0.5071731234375 0.50190746875 0.4950665859375 0.5538555203125 0.528125 0.563965490625 0.528125 0.5490804015624999
5 0.4646224265625 0.5286728890625 0.48096625312499997 0.5538352265625 0.486686596875 0.5546875 0.4919749984375 0.5546875 0.503125 0.47850789687499995 0.503125 0.43535175625000005 0.49670475156249994 0.41747159062500006 0.4864141953125 0.4182832796875 0.4597798125 0.4588676953125 0.45372654375000004 0.4783482140625 0.45372654375000004 0.5059456171875001 0.4646224265625 0.5286728890625