3 0.62109375 0.53984375 0.1203125 0.332421875
3 0.06640625 0.871875 0.1328125 0.25
3 0.121875 0.64140625 0.15546875 0.3
5 0.71640625 0.60234375 0.05 0.1828125
3 0.6859375 0.9234375 0.209375 0.152734375
3 0.2703125 0.33828125 0.103515625 0.198828125
3 0.3546875 0.8828125 0.18984375 0.22890625
3 0.1921875 0.4625 0.112890625 0.266015625
5 0.87734375 0.9171875 0.086328125 0.165234375
3 0.403125 0.2203125 0.068359375 0.118359375
6 0.41640625 0.54765625 0.178125 0.465625
3 0.51953125 0.23125 0.0671875 0.127734375
3 0.3046875 0.16796875 0.049609375 0.071875
3 0.39921875 0.1546875 0.055078125 0.077734375
5 0.5375 0.90546875 0.080859375 0.183203125
5 0.62109375 0.67890625 0.058203125 0.165625
3 0.40703125 0.253125 0.061328125 0.091015625
5 0.62109375 0.26640625 0.028125 0.1109375
5 0.78671875 0.60859375 0.055078125 0.182421875
5 0.77578125 0.525 0.044921875 0.15
3 0.29609375 0.23203125 0.064453125 0.115625
5 0.66875 0.39375 0.028515625 0.1
5 0.53046875 0.4234375 0.051953125 0.150390625
5 0.52890625 0.50078125 0.05 0.166796875
5 0.29140625 0.48203125 0.05625 0.1875
5 0.6328125 0.34296875 0.028515625 0.080078125
5 0.45078125 0.18046875 0.032421875 0.1015625
5 0.7 0.384375 0.03203125 0.119140625
5 0.5453125 0.63125 0.06640625 0.146484375
5 0.52109375 0.7703125 0.06875 0.193359375
5 0.29453125 0.659375 0.067578125 0.218359375
5 0.5734375 0.25390625 0.031640625 0.103125
3 0.44375 0.30078125 0.08046875 0.13125
3 0.39296875 0.07890625 0.051171875 0.101171875
5 0.8234375 0.83671875 0.07734375 0.282421875
5 0.56953125 0.23203125 0.029296875 0.063671875
2 0.32890625 0.10546875 0.042578125 0.0765625
5 0.83125 0.7 0.06171875 0.177734375
5 0.6 0.28125 0.02578125 0.075
5 0.2015625 0.8140625 0.066015625 0.296484375
2 0.384375 0.021875 0.03671875 0.043359375
5 0.253125 0.5875 0.05078125 0.194140625
5 0.4640625 0.19140625 0.025390625 0.073828125
5 0.18359375 0.9640625 0.0796875 0.071875
2 0.44765625 0.053125 0.045703125 0.084375
3 0.2921875 0.27421875 0.072265625 0.098828125
5 0.7234375 0.70859375 0.072265625 0.240625
5 0.35234375 0.25390625 0.032421875 0.086328125
5 0.509375 0.278125 0.03828125 0.09375
5 0.48046875 0.13984375 0.01875 0.066796875
5 0.58515625 0.2734375 0.026953125 0.08515625
3 0.375 0.0234375 0.027734375 0.046484375
5 0.340625 0.178125 0.03046875 0.068359375
5 0.5265625 0.3609375 0.0375 0.09140625
5 0.5578125 0.27734375 0.02890625 0.0875
5 0.7125 0.51328125 0.055859375 0.1421875
5 0.778125 0.57265625 0.043359375 0.1078125