3 0.6484375 0.69609375 0.16640625 0.391796875
3 0.41796875 0.69140625 0.163671875 0.3953125
3 0.80390625 0.9484375 0.1859375 0.103125
2 0.15703125 0.64453125 0.313671875 0.7046875
3 0.46640625 0.359375 0.08125 0.191015625
5 0.64609375 0.3734375 0.041796875 0.143359375
3 0.43671875 0.46015625 0.115625 0.2390625
3 0.33984375 0.390625 0.0796875 0.215234375
5 0.58984375 0.3453125 0.0390625 0.140234375
3 0.390625 0.14296875 0.056640625 0.0765625
3 0.45078125 0.2453125 0.066796875 0.122265625
3 0.3609375 0.25 0.077734375 0.194140625
5 0.80546875 0.8359375 0.105078125 0.169140625
5 0.3125 0.871875 0.10546875 0.25625
5 0.58125 0.20703125 0.025390625 0.085546875
3 0.528125 0.1484375 0.053515625 0.083984375