3 0.60078125 0.5890625 0.1546875 0.341015625
3 0.20546875 0.575 0.114453125 0.309765625
6 0.4109375 0.659375 0.20234375 0.58203125
3 0.26328125 0.4453125 0.0984375 0.212109375
5 0.6390625 0.89609375 0.084765625 0.201953125
3 0.45703125 0.18203125 0.0703125 0.115625
3 0.390625 0.12109375 0.059765625 0.119921875
5 0.56640625 0.23984375 0.0453125 0.138671875
5 0.75234375 0.9171875 0.079296875 0.159765625
5 0.69375 0.53828125 0.04921875 0.185546875
3 0.0875 0.74453125 0.174609375 0.5078125
5 0.73203125 0.76640625 0.066796875 0.24375
6 0.2546875 0.2359375 0.100390625 0.28984375
6 0.390625 0.38125 0.112109375 0.303515625
5 0.31953125 0.1578125 0.035546875 0.127734375
5 0.82578125 0.7703125 0.080078125 0.27734375