3 0.49921875 0.73671875 0.15390625 0.36171875
3 0.24765625 0.64296875 0.1796875 0.44609375
3 0.5609375 0.525 0.12109375 0.29453125
3 0.50390625 0.3921875 0.08515625 0.18359375
3 0.3703125 0.28671875 0.06640625 0.11796875
3 0.33515625 0.3453125 0.08359375 0.16875
3 0.390625 0.2203125 0.059375 0.0953125
3 0.31796875 0.44921875 0.1015625 0.2015625
3 0.52578125 0.3046875 0.075 0.128125
3 0.396875 0.15859375 0.05078125 0.08046875
6 0.47578125 0.07421875 0.04375 0.10625
3 0.49140625 0.26328125 0.06640625 0.134375
3 0.51953125 0.18125 0.06015625 0.103125