3 0.634375 0.84453125 0.1875 0.3109375
6 0.640625 0.5046875 0.17734375 0.43515625
3 0.85859375 0.4046875 0.07421875 0.13203125
5 0.88984375 0.575 0.05625 0.18203125
5 0.7859375 0.4609375 0.04296875 0.1640625
5 0.8828125 0.7671875 0.0625 0.23359375
5 0.79765625 0.64921875 0.05546875 0.1984375
2 0.540625 0.1984375 0.07890625 0.18203125
5 0.75078125 0.3375 0.034375 0.11640625
5 0.815625 0.9328125 0.07890625 0.1296875
5 0.77109375 0.2390625 0.0265625 0.08984375
5 0.62421875 0.23203125 0.02734375 0.096875
5 0.71171875 0.28671875 0.025 0.071875
5 0.6828125 0.26015625 0.02734375 0.09921875
5 0.63984375 0.1734375 0.0234375 0.06640625
5 0.734375 0.18203125 0.02109375 0.06171875
6 0.61015625 0.1234375 0.03828125 0.08046875
3 0.68984375 0.1625 0.02890625 0.06640625
5 0.45078125 0.97734375 0.0984375 0.0453125
5 0.71484375 0.1859375 0.0234375 0.07109375
5 0.08828125 0.90546875 0.08515625 0.18828125
5 0.70703125 0.19140625 0.0234375 0.071875
5 0.734375 0.2703125 0.02578125 0.09140625
5 0.9328125 0.9859375 0.07578125 0.028125
3 0.66875 0.03203125 0.01875 0.0375
5 0.765625 0.76640625 0.05859375 0.25