6 0.27109375 0.77109375 0.326953125 0.445703125
3 0.77578125 0.59375 0.132421875 0.271484375
3 0.865625 0.4890625 0.090625 0.197265625
3 0.484375 0.325 0.0875 0.159375
3 0.8265625 0.884375 0.178125 0.22578125
6 0.628125 0.47578125 0.1375 0.401171875
3 0.5609375 0.22421875 0.065234375 0.111328125
3 0.38828125 0.4796875 0.116796875 0.166015625
6 0.73671875 0.309375 0.082421875 0.28125
5 0.90390625 0.80625 0.059375 0.21875
5 0.95 0.7796875 0.046484375 0.253515625
6 0.6515625 0.11640625 0.034375 0.0671875
6 0.71484375 0.13515625 0.042578125 0.0703125
5 0.9734375 0.95234375 0.05 0.0953125
6 0.72265625 0.17109375 0.060546875 0.0609375
3 0.65546875 0.1828125 0.0515625 0.084765625
3 0.6 0.1375 0.01796875 0.059765625
6 0.57578125 0.1265625 0.060546875 0.093359375
5 0.48828125 0.9375 0.090625 0.125
5 0.809375 0.42265625 0.03125 0.116796875
1 0.82421875 0.29921875 0.1078125 0.207421875