3 0.15703125 0.81171875 0.16796875 0.35703125
3 0.38203125 0.48984375 0.10078125 0.215625
3 0.24609375 0.5640625 0.12578125 0.26875
5 0.5078125 0.446875 0.04921875 0.15390625
5 0.1484375 0.5578125 0.0453125 0.1546875
5 0.46015625 0.48671875 0.034375 0.10703125
5 0.559375 0.93125 0.0640625 0.13125
5 0.56953125 0.62578125 0.034375 0.15859375
5 0.2828125 0.296875 0.03125 0.11953125
5 0.53203125 0.55625 0.03828125 0.16015625
5 0.45703125 0.715625 0.05859375 0.23828125
5 0.30625 0.23515625 0.01953125 0.06953125
5 0.44921875 0.3109375 0.0328125 0.08984375
5 0.2953125 0.8046875 0.0546875 0.20859375
5 0.3796875 0.875 0.05703125 0.25
5 0.32734375 0.35390625 0.025 0.078125
5 0.42890625 0.9671875 0.04375 0.065625
3 0.35234375 0.2265625 0.05 0.10703125
5 0.4453125 0.41640625 0.0328125 0.08046875
5 0.30546875 0.45078125 0.03203125 0.121875
3 0.09140625 0.98046875 0.1828125 0.0390625
5 0.403125 0.22578125 0.03125 0.0953125
5 0.39453125 0.31875 0.0265625 0.08828125
5 0.5703125 0.78671875 0.07421875 0.23828125
5 0.37734375 0.63984375 0.0578125 0.18671875
5 0.3078125 0.92109375 0.08203125 0.1578125
5 0.6234375 0.88515625 0.065625 0.2296875
5 0.72109375 0.87734375 0.0859375 0.2453125
5 0.65390625 0.73515625 0.040625 0.18046875
5 0.6109375 0.67578125 0.06015625 0.19296875