3 0.43046875 0.8859375 0.204296875 0.222265625
3 0.42890625 0.46328125 0.116796875 0.2328125
3 0.55 0.22578125 0.05 0.089453125
6 0.59296875 0.54140625 0.153125 0.4109375
3 0.53515625 0.278125 0.061328125 0.118359375
5 0.559375 0.8125 0.074609375 0.222265625
3 0.51328125 0.19453125 0.0421875 0.0875
3 0.45234375 0.3609375 0.073828125 0.141015625
3 0.55859375 0.315625 0.066796875 0.087890625
5 0.6 0.27734375 0.027734375 0.089453125
5 0.40546875 0.690625 0.054296875 0.17578125
5 0.4140625 0.1765625 0.015234375 0.077734375
5 0.68125 0.58203125 0.04921875 0.169921875
3 0.525 0.134375 0.056640625 0.0875
6 0.175 0.625 0.35 0.746875
3 0.56875 0.18515625 0.03203125 0.073828125
5 0.47109375 0.6578125 0.048046875 0.18125
5 0.50625 0.73125 0.06171875 0.16171875
3 0.446875 0.16640625 0.066015625 0.120703125
3 0.465625 0.08046875 0.043359375 0.064453125
3 0.4515625 0.26796875 0.08125 0.1484375
6 0.33515625 0.15234375 0.153125 0.229296875