3 0.10546875 0.746875 0.1921875 0.38828125
3 0.6265625 0.80546875 0.175390625 0.3859375
3 0.2421875 0.46484375 0.14375 0.2515625
3 0.3296875 0.70078125 0.19375 0.4125
3 0.28671875 0.33984375 0.08125 0.140625
3 0.58359375 0.54921875 0.126171875 0.2171875
3 0.35859375 0.20703125 0.061328125 0.1109375
3 0.4234375 0.3578125 0.08359375 0.162109375
3 0.521875 0.21640625 0.055859375 0.091796875
3 0.56328125 0.42421875 0.0953125 0.1421875
3 0.4734375 0.15546875 0.03984375 0.073828125
3 0.39296875 0.4890625 0.1125 0.24765625
5 0.609375 0.33515625 0.03203125 0.11875
5 0.65546875 0.428125 0.038671875 0.14453125
3 0.42421875 0.27578125 0.070703125 0.1296875
5 0.0390625 0.92890625 0.078125 0.1421875
3 0.5484375 0.33125 0.078125 0.1375
3 0.45390625 0.1921875 0.053125 0.09765625
5 0.45546875 0.83671875 0.0703125 0.298046875
3 0.33125 0.2609375 0.06953125 0.130859375
5 0.475 0.93984375 0.090625 0.1203125
5 0.38828125 0.9203125 0.0671875 0.153515625
5 0.253125 0.9484375 0.1 0.103125
3 0.509375 0.0640625 0.037109375 0.062890625
3 0.40546875 0.12890625 0.054296875 0.098828125
3 0.52578125 0.28203125 0.057421875 0.116796875
5 0.51484375 0.69296875 0.063671875 0.2609375
5 0.48046875 0.5265625 0.04375 0.15625
5 0.56796875 0.15625 0.025 0.065234375
5 0.47890625 0.4359375 0.0421875 0.122265625
5 0.47421875 0.265625 0.032421875 0.112890625
3 0.5296875 0.14296875 0.040234375 0.05
5 0.49140625 0.68984375 0.0796875 0.2625
3 0.52734375 0.1703125 0.051953125 0.058984375
5 0.7140625 0.69765625 0.059765625 0.2484375
5 0.76171875 0.86796875 0.048046875 0.241796875
5 0.79609375 0.9578125 0.045703125 0.084375
5 0.815625 0.81796875 0.0625 0.271875
5 0.86484375 0.87578125 0.0828125 0.2484375
5 0.1484375 0.51953125 0.052734375 0.098046875