3 0.38671875 0.84140625 0.220703125 0.3078125
3 0.13984375 0.78203125 0.190625 0.4171875
3 0.575 0.59375 0.13203125 0.303125
3 0.26484375 0.45859375 0.11875 0.267578125
3 0.7484375 0.71171875 0.171484375 0.348828125
3 0.52734375 0.41640625 0.090625 0.190625
3 0.45234375 0.31953125 0.076953125 0.151953125
3 0.33359375 0.29609375 0.065625 0.134375
3 0.47578125 0.225 0.051953125 0.105859375
3 0.35625 0.21171875 0.05078125 0.091796875
5 0.67265625 0.375 0.036328125 0.128515625
5 0.396875 0.29609375 0.03203125 0.1125
5 0.709375 0.48671875 0.047265625 0.136328125
3 0.45625 0.190625 0.05 0.093359375
3 0.38125 0.18125 0.04296875 0.08125
3 0.4515625 0.14453125 0.03984375 0.0421875
5 0.56484375 0.28359375 0.028125 0.110546875
5 0.6375 0.45 0.04453125 0.159375
5 0.6046875 0.3703125 0.033984375 0.11875
5 0.6046875 0.31015625 0.03359375 0.0953125
3 0.5171875 0.10234375 0.03515625 0.0671875
6 0.46875 0.05546875 0.037109375 0.059375
5 0.584375 0.2078125 0.025 0.068359375
3 0.46953125 0.10234375 0.035546875 0.061328125
3 0.5296875 0.159375 0.040625 0.103515625
5 0.590625 0.25 0.025 0.07421875
5 0.53984375 0.228125 0.025 0.06171875