3 0.6640625 0.92734375 0.175390625 0.144921875
5 0.31484375 0.61796875 0.103125 0.270703125
5 0.37109375 0.93359375 0.090625 0.126953125
5 0.49921875 0.578125 0.05 0.19453125
5 0.675 0.7484375 0.071484375 0.269140625
5 0.7203125 0.64296875 0.053515625 0.176953125
5 0.73671875 0.41015625 0.073046875 0.134375
5 0.62890625 0.49921875 0.066796875 0.182421875
5 0.4890625 0.36875 0.041015625 0.1375
5 0.5640625 0.2703125 0.0375 0.11015625
5 0.553125 0.1765625 0.025390625 0.071484375
5 0.5109375 0.19453125 0.025390625 0.095703125
5 0.47734375 0.05703125 0.019921875 0.048046875
5 0.53671875 0.0640625 0.026171875 0.033984375
5 0.50234375 0.05703125 0.020703125 0.048046875