3 0.3882337078125 0.7216223796875 0.4065249625 0.733172653125 0.4549430734375 0.6191130796875 0.459246921875 0.5382606671875 0.42696818125 0.5324855312500001 0.4258922390625 0.4949468921875 0.35176214843750003 0.47655122656250004 0.32905601875 0.5137161828125001 0.30430894999999997 0.6032313296875 0.3667145484375 0.617669253125 0.3882337078125 0.6855275671875 0.3882337078125 0.7216223796875
3 0.51196888125 0.5584737843750001 0.5377918890625 0.5064972203125 0.5496274109375 0.421313496875 0.523804403125 0.3433486796875 0.47013718281249994 0.339466090625 0.4613988875 0.38666245625 0.44095566875000003 0.4400827890625 0.42158839062500003 0.47473383125 0.428044121875 0.5382606671875 0.51196888125 0.5584737843750001
3 0.1482950375 0.9324160593749999 0.20962469375 0.9612919109375 0.2526630140625 0.995942953125 0.32152434375 0.9944990718750001 0.3957653828125 0.7923681234375 0.39361349843750004 0.688415109375 0.3624107 0.623444446875 0.2871939484375 0.602813853125 0.27741 0.5989000734375 0.216080425 0.7216223796875 0.1859535671875 0.8096937000000001 0.169814196875 0.8645577484375 0.1482950375 0.9324160593749999
3 0.5022852421875 0.28270938437500004 0.4872218140625 0.3086976953125 0.4807660828125 0.33757354375 0.52595636875 0.37222453125 0.5474755296875 0.427088634375 0.5550072015625 0.33757354375 0.5517792953125 0.2913721734375 0.5022852421875 0.28270938437500004
3 0.6948818265625001 0.6335510046875 0.6895020374999999 0.5584737843750001 0.65507125 0.536816896875 0.6152608359375 0.5397044921874999 0.58298209375 0.627775921875 0.57007063125 0.82557539375 0.6281722984375 0.8385695484375001 0.6626030859375 0.747610578125 0.7002616171875 0.7288413421875 0.6948818265625001 0.6335510046875
3 0.7357681 0.5166037796875 0.72931245 0.457408309375 0.7164009874999999 0.42275726718750006 0.6584611 0.40620490781249996 0.6410839265625 0.45596448437500003 0.6389318796875 0.5295979328125 0.6916539203125 0.5555862984375 0.6948818265625001 0.620556959375 0.7389960078125 0.6263320421875 0.7357681 0.5166037796875
3 0.7024135 0.4155383046875 0.7088691500000001 0.3895500515625 0.6970337109375 0.3563428359375 0.6970337109375 0.3317983515625 0.6490449046875 0.308802309375 0.6389318796875 0.3534552390625 0.6238685312500001 0.419869671875 0.6195647656250001 0.48339656406250003 0.632476228125 0.4906155265625 0.6615270625 0.40398797656249996 0.7024135 0.4155383046875
3 0.8659590875 0.572911709375 0.8864022234375 0.577243184375 0.8810224328125 0.4992782578125 0.8756426421875 0.463183446875 0.8067813953125 0.44585798125 0.810009303125 0.48628415937499997 0.8064298921875 0.481962484375 0.8003255828125001 0.5628052609374999 0.8250726484375001 0.570024221875 0.8304524390625 0.647988928125 0.8595032734375 0.647988928125 0.8659590875 0.6061190359374999 0.8659590875 0.572911709375
3 0.7015065671875 0.2348484875 0.6981095703125 0.28704080625 0.7422239140625 0.297147309375 0.7422239140625 0.24661457343749998 0.7379201484375 0.2004132859375 0.703489359375 0.194638065625 0.7015065671875 0.2348484875
3 0.68519810625 0.289928346875 0.6819702000000001 0.26538391875 0.64231905 0.2619047625 0.620640625 0.3346859484375 0.6238685312500001 0.385218684375 0.6432358093749999 0.333242121875 0.6507674828125001 0.3101414640625 0.6948818265625001 0.32313561874999996 0.68519810625 0.289928346875
3 0.5324120999999999 0.997386721875 0.7185528703124999 0.997386721875 0.711021196875 0.878995671875 0.5614629328125 0.8530074734375 0.5324120999999999 0.997386721875
3 0.2462072828125 1 0.2440553171875 0.99161153125 0.1612065828125 0.936747371875 0.1096313984375 0.927489178125 0.0729779765625 1 0.2462072828125 1
3 0.6382835375 0.23665223906250002 0.6190297984375001 0.27982184375 0.6190297984375001 0.3202480234375 0.647004690625 0.2624963234375 0.6857392453125 0.266827690625 0.6717517578125001 0.23650807031249999 0.6382835375 0.23665223906250002
2 0.5577002234374999 0.3419049109375 0.5770675015625 0.27115905625000003 0.574915534375 0.1859753609375 0.5221935765625 0.174424975 0.49435025781249997 0.23665223906250002 0.48561106875000004 0.27115905625000003 0.48345910468750003 0.31880419843749996 0.5017504390624999 0.2841532109375 0.5501685515625 0.289928346875 0.5577002234374999 0.3419049109375
6 0.6383971578125001 0.158543253125 0.6954228015624999 0.1672060125 0.7029546375 0.061809146875 0.6463545625 0.0508658015625 0.6383971578125001 0.158543253125
3 0.6814354781249999 0.23362047343749998 0.6889671515625 0.2004132859375 0.6517352453124999 0.1753246765625 0.6427009234375001 0.21196358593750003 0.6814354781249999 0.23362047343749998
5 0.0563038015625 0.9988304937500001 0.0552278609375 0.988723990625 0.09826618125 0.9035402109374999 0.0885825421875 0.821243971875 0.0552278609375 0.7865930421875 0.028328909375 0.82557539375 0.012189540625 0.9829487984374999 0.0563038015625 0.9988304937500001
5 0.0875066 0.851563703125 0.1025699484375 0.923753328125 0.1585198140625 0.866001628125 0.1531400234375 0.8039185062499999 0.14453232656249998 0.747610578125 0.1326968046875 0.6927465296875 0.12308310625 0.673160175 0.10149400625 0.7591609625 0.0853546359375 0.7634922734375 0.089658484375 0.7909243515625 0.07889890468750001 0.8169126625 0.0875066 0.851563703125
5 0.21339365625 0.736060303125 0.228457084375 0.6927465296875 0.228457084375 0.620556959375 0.20379335781250002 0.5649350671875 0.1886465890625 0.5873496328125001 0.19940616875 0.6104502921875 0.168203453125 0.743279265625 0.168203453125 0.7966995453125 0.1778870078125 0.828462934375 0.21339365625 0.736060303125
5 0.2865588359375 0.5945685953125001 0.272571346875 0.5628052609374999 0.23742262812499998 0.5378787890625001 0.22200135312499997 0.5526985921875001 0.2370647 0.623444446875 0.228457084375 0.6364385453125 0.2402926078125 0.6667582203125 0.2865588359375 0.5945685953125001
5 0.4920668 0.7245099203125 0.4728275234375 0.8625541140624999 0.4791552546875 0.9612919109375 0.503902321875 0.9713984140624999 0.5404849109375001 0.8140250109375 0.5221935765625 0.733172653125 0.4920668 0.7245099203125
5 0.51251001875 0.5960123671875001 0.48345910468750003 0.6869713375 0.5442511953125 0.7512418140625 0.568459803125 0.681196146875 0.537395725 0.5468975484375 0.51251001875 0.5960123671875001
5 0.4694716984375 0.776486428125 0.470547640625 0.6941903 0.45763609375 0.6436575078125 0.43504099218750003 0.6580954328125 0.4232054703125 0.7447230375 0.43073714374999994 0.86167020625 0.45440827031250003 0.86888916875 0.4694716984375 0.776486428125
5 0.43073714374999994 0.747610578125 0.40814204218750005 0.736060303125 0.3844709984375 0.8299068171874999 0.39845840312499997 0.873220590625 0.43073714374999994 0.9829487984374999 0.4425727484375 0.884770865625 0.43073714374999994 0.747610578125
5 0.41459777343750004 0.9324160593749999 0.38001073750000003 0.8589466109374999 0.3790912078125 0.8313505859375001 0.36079987343750003 0.828462934375 0.35219225781249996 0.8775519031250001 0.31776155156249997 0.9930553015625 0.4199775640625 1 0.41459777343750004 0.9324160593749999
5 0.5770675015625 0.624888215625 0.620105821875 0.52526656875 0.5858218749999999 0.43506493593749995 0.5598521062499999 0.48339656406250003 0.5770675015625 0.624888215625
5 0.5975106375 0.448745521875 0.6071942765625 0.4314200546875 0.5952380703125 0.3412698421875 0.5716877109375 0.405431746875 0.5975106375 0.448745521875
5 0.5912025578125 0.296176046875 0.58675105625 0.32891075625 0.6071942765625 0.35056764218750003 0.5912025578125 0.296176046875
5 0.78149944375 0.27115905625000003 0.7987148359375 0.2538335359375 0.7862523296874999 0.2113997125 0.7739677703125001 0.224957684375 0.78149944375 0.27115905625000003
5 0.7373852624999999 0.9858363390625 0.8180821140625 0.995942953125 0.795668525 0.89862915 0.7675121203125 0.9251970984375 0.7373852624999999 0.9858363390625
5 0.8191579734375001 0.894877478125 0.813778184375 0.9930553015625 0.8966270828124999 0.9944990718750001 0.8923231515625 0.936747371875 0.8575463843750001 0.8318903328125 0.8191579734375001 0.894877478125
5 1 0.962949415625 0.9678503921875 0.851731603125 0.9116904281249999 0.9670671015625001 1 0.9870389749999999 1 0.962949415625
5 0.885867503125 0.9223094484375001 0.9138423124999999 0.812581240625 0.8847914781249999 0.6985216125 0.8449810640625 0.7822616203125 0.885867503125 0.9223094484375001
5 0.78149944375 0.6580954328125 0.78795525625 0.7837053890625 0.806246509375 0.805362278125 0.83529734375 0.762048503125 0.809120234375 0.6154401171874999 0.78149944375 0.6580954328125
5 0.7458972046875 0.613636365625 0.723397775 0.66531445 0.711562171875 0.819800203125 0.7502967265625 0.819800203125 0.779347559375 0.7606047328125001 0.7481448421875 0.5960123671875001 0.7458972046875 0.613636365625
5 0.997767071875 0.94107879375 0.9999189546875 0.7851491609375 0.9880279546875 0.775974028125 0.9471970765625001 0.8429008609374999 0.997767071875 0.94107879375
5 0.9234597546875 0.68037518125 0.899854825 0.7346164234375 0.9289058234375001 0.9208656765625 0.9547287499999999 0.8674454 0.9611845640625001 0.7837053890625 0.9493489593750001 0.7057405734375 0.9234597546875 0.68037518125
5 0.8708039921875 0.5916811109375 0.8482089703125 0.7028530328125 0.8503608546875 0.7721551171875001 0.8708039921875 0.7865930421875 0.895551059375 0.7158471859375 0.895551059375 0.630663409375 0.8708039921875 0.5916811109375
5 0.9525768671874999 0.5844621484375 0.9461210531249999 0.7158471859375 0.9697920968749999 0.7389478453125 0.9923872812500001 0.6508764703125001 0.986682784375 0.5432900453125 0.9525768671874999 0.5844621484375
5 0.899854825 0.689858878125 0.9009308484374999 0.751942 0.9493489593750001 0.7245099203125 0.9568806328124999 0.6552078906250001 0.9369114640625 0.6118326140625 0.899854825 0.689858878125
5 0.759375 0.5875 0.03203125 0.1140625
5 0.77109375 0.47109375 0.02578125 0.0796875
5 0.8671875 0.3265625 0.0296875 0.0828125
5 0.846875 0.28828125 0.02421875 0.0890625
5 0.8265625 0.2484375 0.02734375 0.07421875
5 0.76328125 0.25625 0.0234375 0.06796875
5 0.71171875 0.28671875 0.028125 0.09296875
5 0.74140625 0.384375 0.04296875 0.06796875
5 0.75390625 0.446875 0.04609375 0.04453125
5 0.7453125 0.4078125 0.0375 0.04375
5 0.75859375 0.46484375 0.03671875 0.0421875
5 0.8234375 0.3984375 0.03203125 0.08125
5 0.8171875 0.35859375 0.03203125 0.07421875
5 0.76875 0.28671875 0.0296875 0.0640625
5 0.75859375 0.2375 0.03046875 0.04921875
5 0.74296875 0.33125 0.0375 0.0671875
5 0.70859375 0.28984375 0.03828125 0.10703125
5 0.78359375 0.55859375 0.0375 0.12734375
5 0.7859375 0.35703125 0.01875 0.0390625
5 0.78046875 0.42265625 0.02578125 0.0578125
5 0.72501209375 0.905727675 0.7228602109375 0.98369238125 0.801405178125 0.905727675 0.8057089453125 0.8436445546875 0.760518740625 0.7974432390625 0.72501209375 0.905727675
5 0.7723543453125 0.8205438968750001 0.812164759375 0.8710766328125 0.8465953828125 0.8378693625 0.8131557453125 0.7507215015625001 0.7723543453125 0.8205438968750001
5 0.6615306359375001 0.7541294640625 0.6260239875 0.8450883250000001 0.70134105 0.8725204046874999 0.7110247703125 0.7714549296875 0.6988162250000001 0.7218614734375 0.6615306359375001 0.7541294640625