3 0.35546875 0.59921875 0.148828125 0.295703125
3 0.2234375 0.35390625 0.08515625 0.1578125
3 0.16796875 0.49375 0.139453125 0.293359375
6 0.4109375 0.3765625 0.118359375 0.324609375
5 0.33984375 0.90625 0.073046875 0.181640625
3 0.30078125 0.16484375 0.0484375 0.0734375
5 0.4359375 0.86484375 0.075390625 0.267578125
5 0.8453125 0.48515625 0.041015625 0.0921875
5 0.47265625 0.60078125 0.054296875 0.180078125
5 0.5046875 0.39765625 0.03359375 0.1296875
5 0.3390625 0.21796875 0.034375 0.1296875
5 0.3015625 0.37109375 0.02890625 0.123828125
5 0.28984375 0.446875 0.029296875 0.128515625
5 0.46640625 0.709375 0.0515625 0.187890625
5 0.25234375 0.55 0.0453125 0.122265625
5 0.56328125 0.2859375 0.030078125 0.080859375
5 0.5375 0.8703125 0.053515625 0.258984375
6 0.2546875 0.2625 0.09375 0.175390625
5 0.5609375 0.42890625 0.037109375 0.154296875
5 0.51953125 0.4984375 0.036328125 0.159765625
5 0.5640625 0.6078125 0.043359375 0.156640625
5 0.75390625 0.37734375 0.0453125 0.121875
5 0.59921875 0.4 0.0328125 0.14453125
5 0.33828125 0.26328125 0.023828125 0.058203125
5 0.68671875 0.41875 0.0375 0.153515625
5 0.10703125 0.671875 0.044921875 0.115234375
5 0.68046875 0.34921875 0.026953125 0.071875
5 0.715625 0.43203125 0.030859375 0.1078125
5 0.6265625 0.62734375 0.055859375 0.125
5 0.559375 0.74140625 0.065234375 0.269921875
5 0.2578125 0.4703125 0.04140625 0.10625
5 0.05078125 0.559375 0.035546875 0.144140625
5 0.7859375 0.671875 0.047265625 0.209765625
5 0.84296875 0.878125 0.06875 0.237890625
5 0.26328125 0.89140625 0.065625 0.211328125
5 0.08359375 0.48828125 0.041796875 0.139453125
5 0.70390625 0.56953125 0.041796875 0.1609375
5 0.59765625 0.571875 0.035546875 0.18671875
5 0.746875 0.60546875 0.037890625 0.1484375
5 0.35859375 0.1890625 0.023046875 0.090234375
5 0.3421875 0.334375 0.021484375 0.096875
5 0.63828125 0.40859375 0.034375 0.083203125
5 0.64296875 0.69453125 0.046875 0.088671875
5 0.95 0.62734375 0.052734375 0.214453125
5 0.45703125 0.68125 0.0453125 0.13125
5 0.2890625 0.40859375 0.025390625 0.06875
5 0.521875 0.30390625 0.030859375 0.101171875
5 0.6171875 0.53515625 0.040234375 0.1171875
5 0.63828125 0.5328125 0.0265625 0.11640625
5 0.23671875 0.63046875 0.042578125 0.144921875
5 0.48671875 0.3015625 0.03125 0.100390625
3 0.42109375 0.19609375 0.086328125 0.1296875
5 0.334375 0.3296875 0.019140625 0.102734375
5 0.39609375 0.9859375 0.0578125 0.027734375
5 0.64921875 0.73125 0.0609375 0.16171875
5 0.59765625 0.328125 0.028125 0.10546875
5 0.8828125 0.59921875 0.037890625 0.160546875
5 0.7921875 0.52734375 0.03984375 0.090625
5 0.4796875 0.9828125 0.046875 0.033984375
5 0.0203125 0.62578125 0.040234375 0.195703125
5 0.29609375 0.22421875 0.023828125 0.0953125
5 0.46640625 0.640625 0.0578125 0.11953125
5 0.72890625 0.428125 0.034375 0.140625
5 0.559375 0.6515625 0.044140625 0.099609375
5 0.640625 0.44453125 0.031640625 0.051953125
5 0.51171875 0.53984375 0.028125 0.1265625
5 0.75546875 0.79921875 0.048828125 0.2296875
5 0.66484375 0.86953125 0.0734375 0.2125
5 0.14375 0.34609375 0.02421875 0.0765625
5 0.6421875 0.31953125 0.03515625 0.107421875
5 0.6703125 0.2625 0.044140625 0.115625
5 0.6203125 0.23515625 0.033984375 0.098046875
5 0.6 0.25390625 0.030859375 0.0796875
5 0.5640625 0.22421875 0.027734375 0.073046875
3 0.57734375 0.1703125 0.0234375 0.080859375
3 0.5109375 0.2296875 0.069140625 0.096484375
3 0.49609375 0.17109375 0.053125 0.053125
3 0.4859375 0.1328125 0.04765625 0.044140625
4 0.30625 0.1125 0.049609375 0.062109375