3 0.13125 0.7421875 0.16875 0.369140625
3 0.41328125 0.69609375 0.14375 0.346875
3 0.36640625 0.5328125 0.095703125 0.218359375
3 0.26328125 0.3296875 0.060546875 0.12109375
3 0.23203125 0.5328125 0.110546875 0.309375
3 0.3625 0.4109375 0.080859375 0.11640625
5 0.26796875 0.94453125 0.0859375 0.1109375
5 0.56953125 0.6375 0.053125 0.19375
5 0.49140625 0.5171875 0.033203125 0.109765625
5 0.446875 0.4359375 0.0375 0.150390625
5 0.346875 0.21171875 0.021875 0.0765625
5 0.50703125 0.69609375 0.032421875 0.159375
3 0.22734375 0.45703125 0.108203125 0.1703125
5 0.425 0.9203125 0.06875 0.153515625
5 0.43515625 0.98046875 0.066796875 0.0390625
5 0.396875 0.95234375 0.046484375 0.094921875
5 0.64765625 0.803125 0.066796875 0.19296875
5 0.65625 0.90625 0.078125 0.187109375
5 0.74140625 0.9578125 0.0640625 0.084375
5 0.53671875 0.9140625 0.079296875 0.171875
5 0.56171875 0.80390625 0.076953125 0.2609375