3 0.42890625 0.45546875 0.10078125 0.23984375
3 0.1515625 0.67734375 0.27890625 0.52890625
5 0.72109375 0.640625 0.0640625 0.22265625
5 0.64609375 0.45703125 0.05234375 0.1765625
5 0.66015625 0.36484375 0.046875 0.1390625
5 0.6109375 0.2640625 0.0328125 0.1
5 0.53828125 0.24765625 0.028125 0.1
5 0.56796875 0.19609375 0.0265625 0.078125
3 0.46875 0.12890625 0.04453125 0.08125
3 0.5296875 0.1453125 0.046875 0.09296875
5 0.49375 0.07734375 0.0234375 0.0640625
5 0.47421875 0.06171875 0.01796875 0.05234375