3 0.44609375 0.82109375 0.16171875 0.3578125
3 0.3625 0.57578125 0.1171875 0.259375
3 0.175 0.76640625 0.14609375 0.31953125
3 0.2078125 0.59140625 0.11171875 0.20859375
3 0.23046875 0.43671875 0.0984375 0.20625
3 0.34453125 0.42109375 0.078125 0.13984375
3 0.51328125 0.45859375 0.09453125 0.1703125
5 0.61796875 0.89140625 0.06484375 0.21171875
3 0.334375 0.2609375 0.0546875 0.0828125
5 0.34453125 0.93984375 0.07734375 0.1140625
3 0.26328125 0.27109375 0.0546875 0.078125
3 0.4171875 0.26796875 0.05546875 0.1015625
5 0.315625 0.8046875 0.059375 0.23671875
5 0.290625 0.3890625 0.03671875 0.1109375
5 0.86484375 0.96328125 0.0796875 0.0734375
5 0.5703125 0.584375 0.0453125 0.128125
3 0.34765625 0.3484375 0.07265625 0.1015625
5 0.7515625 0.9328125 0.0578125 0.134375
5 0.69453125 0.73671875 0.04921875 0.18515625
3 0.340625 0.16953125 0.03671875 0.04609375
3 0.2515625 0.31171875 0.06484375 0.06328125
5 0.4046875 0.3140625 0.0328125 0.05546875
5 0.41015625 0.35546875 0.02890625 0.08125
5 0.609375 0.6859375 0.0359375 0.12578125
3 0.3375 0.21484375 0.04375 0.0453125
5 0.48125 0.55703125 0.05234375 0.165625
5 0.2734375 0.87265625 0.06953125 0.2515625
5 0.48828125 0.97578125 0.06875 0.0484375
5 0.434375 0.525 0.04296875 0.14375
5 0.63203125 0.7640625 0.04765625 0.15078125
5 0.4203125 0.8890625 0.0625 0.221875
5 0.52890625 0.9015625 0.04140625 0.19609375
5 0.56171875 0.80390625 0.071875 0.25234375
5 0.68046875 0.8625 0.0671875 0.2640625
5 0.72734375 0.78125 0.05390625 0.1609375
5 0.80703125 0.91171875 0.0765625 0.1765625
5 0.27109375 0.7125 0.06015625 0.17734375
5 0.4171875 0.45625 0.05078125 0.1265625