3 0.1265625 0.8671875 0.196875 0.265625
3 0.334375 0.57890625 0.109765625 0.259375
3 0.38203125 0.8203125 0.1703125 0.359375
3 0.38671875 0.46328125 0.086328125 0.183203125
5 0.640625 0.734375 0.06953125 0.243359375
3 0.2484375 0.4296875 0.087109375 0.14609375
3 0.18125 0.65390625 0.137890625 0.303125
5 0.5609375 0.52421875 0.046875 0.1734375
5 0.50546875 0.58828125 0.054296875 0.196875
3 0.45546875 0.325 0.061328125 0.115234375
3 0.36875 0.28203125 0.053125 0.0890625
5 0.309375 0.41171875 0.037109375 0.1015625
5 0.46640625 0.48671875 0.039453125 0.1390625
3 0.38359375 0.37109375 0.075 0.133203125
3 0.3359375 0.26640625 0.037890625 0.086328125
3 0.23125 0.5453125 0.07421875 0.1625
3 0.2890625 0.2296875 0.04609375 0.102734375
3 0.42578125 0.25546875 0.040625 0.0796875
5 0.878125 0.85703125 0.096875 0.225
5 0.2828125 0.28671875 0.024609375 0.098828125
5 0.45390625 0.39609375 0.034375 0.1140625
3 0.3953125 0.203125 0.04765625 0.09296875
5 0.796875 0.7484375 0.087109375 0.253515625