3 0.2578125 0.40859375 0.09921875 0.19921875
3 0.41328125 0.40078125 0.09453125 0.21953125
6 0.4125 0.74609375 0.37421875 0.50234375
3 0.26953125 0.25625 0.07890625 0.1453125
3 0.41328125 0.20625 0.05859375 0.15234375
5 0.53671875 0.43984375 0.03984375 0.159375
3 0.0828125 0.7390625 0.165625 0.43671875
5 0.5390625 0.22578125 0.0359375 0.10859375
5 0.48515625 0.159375 0.0296875 0.09296875
3 0.340625 0.16015625 0.04296875 0.1125
3 0.6625 0.7984375 0.16171875 0.346875
3 0.40859375 0.0671875 0.06171875 0.134375
3 0.91875 0.940625 0.1625 0.11875
3 0.28359375 0.1734375 0.05078125 0.09296875
5 0.4859375 0.2390625 0.03125 0.1109375