3 0.22265625 0.828125 0.1671875 0.34296875
3 0.29375 0.646875 0.11328125 0.2890625
3 0.46953125 0.821875 0.18828125 0.346875
5 0.8453125 0.88828125 0.07734375 0.2078125
5 0.7609375 0.9125 0.04453125 0.16484375
5 0.5734375 0.5984375 0.0484375 0.1734375
3 0.28359375 0.2140625 0.05390625 0.09453125
5 0.4234375 0.39609375 0.03515625 0.090625
5 0.63828125 0.87734375 0.053125 0.21171875
5 0.865625 0.95703125 0.0796875 0.08515625
5 0.4421875 0.34140625 0.03203125 0.121875
3 0.43046875 0.5796875 0.09296875 0.15234375
5 0.6375 0.95078125 0.084375 0.0984375
3 0.3484375 0.40859375 0.08359375 0.2046875
5 0.70859375 0.809375 0.0546875 0.23984375
5 0.55 0.68984375 0.04296875 0.19921875
5 0.30546875 0.37421875 0.02421875 0.1078125
3 0.24609375 0.3921875 0.09921875 0.18359375
5 0.60703125 0.621875 0.03203125 0.0953125
5 0.34609375 0.03984375 0.034375 0.0796875
5 0.63046875 0.646875 0.0265625 0.06484375
3 0.39453125 0.47578125 0.08828125 0.11015625
5 0.12265625 0.73515625 0.06484375 0.22890625
5 0.07265625 0.77890625 0.0421875 0.1796875
5 0.0421875 0.86953125 0.05390625 0.23203125
5 0.0828125 0.91640625 0.06875 0.1671875
3 0.24609375 0.50078125 0.096875 0.17734375
3 0.49765625 0.4453125 0.09296875 0.1296875
5 0.47578125 0.4796875 0.0484375 0.11015625
5 0.53125 0.5953125 0.046875 0.12265625