3 0.4484375 0.7609375 0.16484375 0.462890625
3 0.121875 0.83359375 0.21875 0.3328125
3 0.2453125 0.54765625 0.131640625 0.2875
3 0.29296875 0.38984375 0.092578125 0.1609375
3 0.6203125 0.5375 0.12109375 0.277734375
3 0.45546875 0.428125 0.1015625 0.20625
3 0.60078125 0.33671875 0.0828125 0.179296875
3 0.359375 0.2015625 0.050390625 0.10625
5 0.66484375 0.86640625 0.0890625 0.2625
3 0.3421875 0.29453125 0.065234375 0.1328125
3 0.553125 0.253125 0.062890625 0.127734375
3 0.440625 0.27109375 0.062890625 0.120703125
6 0.4546875 0.1453125 0.05625 0.127734375
3 0.53671875 0.184375 0.040625 0.091015625
3 0.39140625 0.15625 0.0421875 0.08046875
3 0.5203125 0.10078125 0.033984375 0.070703125
3 0.41328125 0.10859375 0.034375 0.065625
3 0.43828125 0.05390625 0.023046875 0.045703125
3 0.41796875 0.06953125 0.032421875 0.036328125