3 0.41796875 0.68671875 0.166796875 0.398828125
3 0.4375 0.45703125 0.121484375 0.2234375
3 0.609375 0.34921875 0.08671875 0.160546875
3 0.46796875 0.35859375 0.083203125 0.1796875
3 0.4296875 0.1234375 0.033984375 0.065625
3 0.340625 0.38984375 0.075 0.210546875
3 0.3859375 0.1578125 0.050390625 0.08125
3 0.5046875 0.22421875 0.06640625 0.1421875
5 0.5515625 0.20234375 0.02734375 0.090625
3 0.428125 0.06875 0.03203125 0.05625
3 0.35546875 0.1921875 0.076171875 0.084765625
3 0.36484375 0.24765625 0.079296875 0.1421875
3 0.47578125 0.06796875 0.036328125 0.057421875
2 0.08316434687499999 0.3717025171875 0.0353435234375 0.43582589374999997 0.024447639062500002 0.46667005 0.0002345640625 0.5082284890625 0.0002345640625 0.996875 0.23315677968749998 0.996875 0.23752270000000003 0.9910206968749999 0.2399440078125 0.9650466718749999 0.2472079296875 0.9666700484374999 0.2544718515625 0.94881290625 0.250839890625 0.9406960234374999 0.2593144671875 0.9342025171874999 0.25205054531250004 0.9195921265625 0.256893159375 0.8903713484375 0.2623411015625 0.881442775 0.268999696875 0.8855012171875 0.2641570828125 0.8708908281250001 0.2907914640625 0.7523843359375 0.2956340796875 0.6939427765625 0.3137938859375 0.6143973218750001 0.33125 0.4833177734375 0.33125 0.47221996875 0.313188559375 0.32300121718749997 0.2901861375 0.30514407499999996 0.1812273 0.2905336859375 0.157014225 0.310014203125 0.127958534375 0.32300121718749997 0.08316434687499999 0.3717025171875
5 0.321875 0.871875 0.068359375 0.25625
5 0.28203125 0.94140625 0.05625 0.1171875