3 0.38984375 0.79609375 0.19609375 0.4078125
3 0.1671875 0.746875 0.20703125 0.4265625
3 0.29375 0.4109375 0.1015625 0.209375
3 0.6265625 0.59453125 0.1109375 0.28046875
3 0.35390625 0.25546875 0.06484375 0.13359375
3 0.43671875 0.43828125 0.0953125 0.1875
3 0.39296875 0.153125 0.04609375 0.096875
3 0.64453125 0.35546875 0.0921875 0.15703125
3 0.453125 0.2078125 0.05 0.096875
3 0.46796875 0.12578125 0.0296875 0.06015625
6 0.4390625 0.0375 0.0453125 0.075
5 0.56953125 0.175 0.021875 0.0640625
3 0.52890625 0.18046875 0.04375 0.09921875
3 0.48046875 0.0921875 0.03125 0.046875
3 0.51484375 0.125 0.03046875 0.06171875
3 0.615625 0.2359375 0.05703125 0.12109375
5 0.559375 0.2421875 0.028125 0.09140625
3 0.5109375 0.05546875 0.02890625 0.0421875
3 0.47734375 0.11484375 0.0328125 0.078125
3 0.70859375 0.92578125 0.1875 0.14765625
5 0.5578125 0.12421875 0.01796875 0.05546875