3 0.41796875 0.68671875 0.16640625 0.39921875
3 0.4375 0.45703125 0.12109375 0.2234375
3 0.609375 0.34921875 0.0859375 0.16015625
3 0.46796875 0.35859375 0.08359375 0.1796875
3 0.4296875 0.1234375 0.03359375 0.065625
3 0.340625 0.38984375 0.075 0.21015625
3 0.3859375 0.1578125 0.05078125 0.08125
3 0.5046875 0.22421875 0.0671875 0.1421875
5 0.5515625 0.20234375 0.0265625 0.090625
3 0.428125 0.06875 0.0328125 0.05625
3 0.35546875 0.1921875 0.07578125 0.08515625
3 0.36484375 0.24765625 0.07890625 0.1421875
3 0.47578125 0.06796875 0.03671875 0.05703125
2 0 0.9971903093750001 0.0115012109375 0.9983766234375 0.2324455203125 0.9975649343749999 0.2372881359375 0.9910714281249999 0.23970944374999997 0.9650974031249999 0.246973365625 0.9667207796874999 0.25423728749999996 0.9488636359375 0.2506053265625 0.9407467531249999 0.259079903125 0.9342532468750001 0.25181598125 0.9196428578125 0.2566585953125 0.8904220781250001 0.2621065375 0.88149350625 0.2687651328125 0.8855519484375 0.26392251875 0.8709415578125 0.2905569 0.7524350656250001 0.295399515625 0.69399350625 0.313559321875 0.6144480515625 0.331719128125 0.478084415625 0.3129539953125 0.32305194843749996 0.2899515734375 0.30519480468750004 0.1809927359375 0.29058441562500004 0.1567796609375 0.310064934375 0.1277239703125 0.32305194843749996 0.08292978281249999 0.371753246875 0.035108959375 0.43587662343750005 0.024213075 0.46672077968750003 0 0.5082792203125 0 0.9971903093750001
5 0.321875 0.871875 0.06796875 0.25625
5 0.28203125 0.94140625 0.05625 0.1171875