3 0.19375 0.625 0.19140625 0.36640625
3 0.40703125 0.62578125 0.15 0.32265625
3 0.60859375 0.65625 0.1515625 0.309375
3 0.42109375 0.3453125 0.090625 0.15234375
5 0.38046875 0.92421875 0.07265625 0.1515625
5 0.10390625 0.91484375 0.06640625 0.165625
5 0.3578125 0.85390625 0.09296875 0.29140625
3 0.54921875 0.4765625 0.11015625 0.23984375
5 0.69140625 0.93359375 0.0546875 0.128125
5 0.78046875 0.71796875 0.05546875 0.16171875
3 0.534375 0.2484375 0.06328125 0.11484375
5 0.965625 0.93359375 0.06875 0.1328125
5 0.70390625 0.5453125 0.040625 0.12734375
3 0.42734375 0.2546875 0.06875 0.08671875
5 0.47890625 0.4078125 0.03828125 0.140625
5 0.72578125 0.66796875 0.04765625 0.18359375
5 0.58359375 0.74375 0.0515625 0.1125
5 0.03828125 0.953125 0.06328125 0.09375
5 0.62265625 0.35703125 0.028125 0.09765625
6 0.26171875 0.36171875 0.15390625 0.33046875
3 0.3875 0.16953125 0.04921875 0.09375
5 0.90546875 0.84921875 0.06015625 0.24921875
3 0.4625 0.24140625 0.04921875 0.096875
5 0.5109375 0.88203125 0.07734375 0.2359375
5 0.6359375 0.48359375 0.02890625 0.12421875
3 0.44765625 0.1921875 0.0546875 0.0921875
5 0.1265625 0.81953125 0.0484375 0.12578125
5 0.6140625 0.440625 0.03671875 0.10625
5 0.61875 0.88203125 0.078125 0.23515625
3 0.35390625 0.2359375 0.04765625 0.14375
5 0.23984375 0.9171875 0.0625 0.1609375
3 0.52578125 0.1890625 0.04453125 0.0640625
5 0.7546875 0.88515625 0.071875 0.2265625
5 0.82734375 0.8109375 0.05625 0.20546875
5 0.8421875 0.9078125 0.065625 0.184375