3 0.31328125 0.77578125 0.2015625 0.388671875
3 0.14140625 0.915625 0.25625 0.16875
3 0.590625 0.946875 0.177734375 0.10625
3 0.39609375 0.5171875 0.13125 0.23515625
3 0.64140625 0.828125 0.1578125 0.34375
3 0.478125 0.365625 0.10078125 0.18046875
3 0.72265625 0.29765625 0.060546875 0.111328125
3 0.55703125 0.1890625 0.05 0.08984375
3 0.6484375 0.20078125 0.050390625 0.0859375
5 0.490625 0.87890625 0.06328125 0.236328125
5 0.2375 0.64140625 0.065234375 0.2734375
5 0.0375 0.8609375 0.075 0.193359375
1 0.8734375 0.78671875 0.246484375 0.426171875
3 0.78125 0.221875 0.04921875 0.100390625
3 0.5234375 0.27734375 0.068359375 0.13125
5 0.1078125 0.7609375 0.06015625 0.222265625
5 0.16953125 0.7203125 0.0609375 0.216015625
5 0.4265625 0.86015625 0.074609375 0.276953125
3 0.71171875 0.20546875 0.051171875 0.084375
5 0.77265625 0.30859375 0.0296875 0.0671875
5 0.553125 0.4453125 0.034375 0.13359375
3 0.54140625 0.221875 0.05625 0.08203125
5 0.540625 0.48359375 0.046484375 0.148828125
5 0.55390625 0.65546875 0.048828125 0.160546875
5 0.48828125 0.62109375 0.039453125 0.205078125
5 0.55859375 0.3828125 0.033203125 0.115234375
5 0.490625 0.54140625 0.046484375 0.125
5 0.9375 0.890625 0.075390625 0.218359375
5 0.7859375 0.9015625 0.07265625 0.190625
1 0.77890625 0.46484375 0.15625 0.189453125
5 0.59453125 0.59921875 0.042578125 0.166796875
5 0.66015625 0.6125 0.045703125 0.1
5 0.65703125 0.5359375 0.03125 0.050390625
5 0.7140625 0.63671875 0.046875 0.2046875
5 0.79296875 0.53671875 0.03125 0.1296875
5 0.87109375 0.52578125 0.035546875 0.14375
3 0.6296875 0.40703125 0.109765625 0.308203125