3 0.6359375 0.82890625 0.21328125 0.34140625
3 0.38515625 0.52109375 0.14765625 0.18984375
3 0.478125 0.40078125 0.103125 0.19140625
5 0.109375 0.90859375 0.06796875 0.17734375
5 0.471875 0.81171875 0.071875 0.2296875
5 0.5515625 0.371875 0.04140625 0.1453125
3 0.73125 0.3828125 0.06484375 0.1546875
5 0.93515625 0.903125 0.05546875 0.19375
3 0.48203125 0.3046875 0.078125 0.1109375
5 0.7796875 0.9359375 0.06015625 0.128125
5 0.76796875 0.65078125 0.04140625 0.1625
5 0.8953125 0.8109375 0.05546875 0.25
3 0.73125 0.265625 0.05625 0.115625
3 0.53359375 0.259375 0.059375 0.11484375
5 0.7921875 0.43125 0.0328125 0.10546875
3 0.58203125 0.17734375 0.0390625 0.07109375
3 0.55859375 0.19765625 0.04921875 0.07109375
5 0.72421875 0.71953125 0.04609375 0.1484375
5 0.91328125 0.40859375 0.0265625 0.1234375
5 0.86796875 0.346875 0.021875 0.1046875
3 0.7125 0.20390625 0.040625 0.0640625
5 0.79296875 0.259375 0.0234375 0.0875
5 0.87421875 0.9203125 0.0703125 0.159375
5 0.853125 0.80234375 0.04921875 0.13984375
5 0.55546875 0.50390625 0.03515625 0.16171875
6 0.6359375 0.446875 0.1390625 0.4390625
5 0.70234375 0.65703125 0.0453125 0.15859375
5 0.7328125 0.54609375 0.04375 0.19375
5 0.45859375 0.92109375 0.065625 0.153125
3 0.65078125 0.21328125 0.05078125 0.04921875
5 0.1125 0.80390625 0.0796875 0.2234375
5 0.81875 0.5734375 0.04140625 0.14140625
5 0.8171875 0.72421875 0.0515625 0.184375
5 0.840625 0.5546875 0.0375 0.16875
6 0.27421875 0.8078125 0.28515625 0.3734375
5 0.7703125 0.546875 0.03203125 0.0875
5 0.7734375 0.7921875 0.0625 0.20390625