3 0.21640625 0.5765625 0.14921875 0.30546875
3 0.30390625 0.81328125 0.190625 0.36171875
6 0.628125 0.6453125 0.16875 0.48828125
3 0.371875 0.6375 0.15390625 0.31484375
3 0.371875 0.55703125 0.15546875 0.16328125
6 0.403125 0.34296875 0.17421875 0.43125
3 0.26015625 0.40703125 0.10546875 0.20703125
5 0.8546875 0.71484375 0.04765625 0.1703125
2 0.58359375 0.13828125 0.0515625 0.14921875
5 0.93828125 0.915625 0.04765625 0.1609375
3 0.7109375 0.97109375 0.215625 0.0578125
3 0.81484375 0.4359375 0.0609375 0.15234375
5 0.7375 0.56328125 0.04140625 0.11640625
5 0.76328125 0.628125 0.04140625 0.12734375
5 0.85859375 0.86484375 0.05 0.16953125
3 0.55 0.2984375 0.08671875 0.21796875
5 0.88984375 0.9390625 0.059375 0.121875
6 0.7171875 0.3984375 0.1203125 0.35859375
3 0.5140625 0.14453125 0.04140625 0.06171875
3 0.1234375 0.975 0.2421875 0.05
3 0.50390625 0.06875 0.028125 0.04375
5 0.79609375 0.70703125 0.05390625 0.17421875
5 0.96015625 0.8640625 0.02890625 0.08203125
3 0.51875 0.50703125 0.06484375 0.2046875