3 0.31796875 0.80234375 0.1984375 0.38515625
3 0.15234375 0.66015625 0.18828125 0.403125
3 0.2671875 0.48828125 0.11328125 0.2015625
3 0.28359375 0.33671875 0.0953125 0.18125
3 0.7484375 0.83203125 0.253125 0.3359375
3 0.546875 0.63515625 0.12890625 0.28359375
3 0.37421875 0.525 0.1265625 0.35859375
3 0.4984375 0.88046875 0.20546875 0.23515625
3 0.54609375 0.4625 0.109375 0.178125
5 0.7890625 0.68671875 0.0421875 0.121875
5 0.10390625 0.934375 0.07734375 0.128125
3 0.40703125 0.34765625 0.0765625 0.14453125
3 0.36171875 0.22578125 0.06015625 0.103125
3 0.42890625 0.2203125 0.04921875 0.0921875
3 0.52421875 0.30078125 0.071875 0.1234375
3 0.334375 0.2875 0.065625 0.13828125
3 0.3765625 0.15703125 0.05625 0.09609375
5 0.67578125 0.6453125 0.04375 0.0828125
5 0.62421875 0.34296875 0.0375 0.1265625
3 0.49375 0.04609375 0.03203125 0.04609375
3 0.43046875 0.2921875 0.0625 0.128125
5 0.7390625 0.625 0.046875 0.1203125
3 0.4453125 0.18828125 0.0578125 0.0953125
5 0.915625 0.94140625 0.06875 0.1171875
3 0.41796875 0.125 0.04140625 0.065625
3 0.5296875 0.3765625 0.0796875 0.146875
5 0.1734375 0.9796875 0.0734375 0.040625
5 0.8703125 0.8859375 0.0640625 0.21953125
3 0.47421875 0.01953125 0.02265625 0.0375
3 0.540625 0.1484375 0.03984375 0.0859375
3 0.49765625 0.15078125 0.0390625 0.08671875