3 0.39609375 0.78203125 0.1859375 0.4359375
3 0.0765625 0.72109375 0.153125 0.3796875
3 0.56953125 0.47109375 0.1953125 0.490625
5 0.309375 0.54921875 0.0625 0.2125
5 0.7875 0.79765625 0.08046875 0.3140625
5 0.22734375 0.54921875 0.057421875 0.223046875
6 0.371875 0.28046875 0.12578125 0.382421875
5 0.72109375 0.5828125 0.0609375 0.21875
6 0.246875 0.253125 0.09921875 0.22578125
6 0.40078125 0.04609375 0.058203125 0.0921875
5 0.50859375 0.20078125 0.0328125 0.092578125
5 0.5484375 0.14921875 0.02734375 0.073828125
5 0.73359375 0.4375 0.0515625 0.147265625
3 0.70859375 0.95859375 0.248828125 0.0828125
5 0.71953125 0.6328125 0.053125 0.13125
5 0.8984375 0.9796875 0.0875 0.040625
5 0.4046875 0.51328125 0.05390625 0.129296875
5 0.19765625 0.82578125 0.076953125 0.3078125