6 0.39296875 0.50078125 0.17890625 0.4265625
3 0.3874092015625 0.8271103890625 0.3934624703125 0.7426948046875 0.3910411625 0.7150974031249999 0.369854721875 0.64448051875 0.32506053281249997 0.6266233765625 0.28026634375000004 0.6233766234375 0.266949153125 0.63149350625 0.24334140468749998 0.6599025968750001 0.19128329375 0.7556818187500001 0.1476997578125 0.8920454546875 0.12711864374999998 0.9326298703125 0.1234866828125 0.9780844156249999 0.12832929843750002 0.9910714281249999 0.1398305078125 1 0.2990314765625 0.9991883109374999 0.3371670703125 0.9983766234375 0.35956416406249997 0.96185065 0.3583535109375 0.9472402593749999 0.37046004843749997 0.9115259734375 0.3777239703125 0.8579545453125 0.3874092015625 0.8271103890625
3 0.6168280875 0.6266233765625 0.6089588375 0.6436688312500001 0.5871670703125 0.7394480515625 0.583535109375 0.7946428578125 0.5702179171874999 0.8612012984374999 0.5581113796875 0.9667207796874999 0.535108959375 0.9975649343749999 0.716707021875 0.9991883109374999 0.7227602906249999 0.99431818125 0.72397094375 0.98133116875 0.72397094375 0.7865259734375 0.7118644062499999 0.6534090906250001 0.6979418890625 0.6379870125 0.6168280875 0.6266233765625
3 0.69975786875 0.6323051953125 0.717917675 0.403409090625 0.7070217921874999 0.3271103890625 0.69552058125 0.31818181874999996 0.6785714281249999 0.31980519531249996 0.5962469734375 0.29707792187500004 0.59079903125 0.302759740625 0.5762711859375 0.38879870156249996 0.5569007265625 0.6728896109375 0.5593220343749999 0.7443181812499999 0.563559321875 0.7516233765625 0.5762711859375 0.7524350656250001 0.583535109375 0.7443181812499999 0.5944309921875 0.7102272734375 0.601694915625 0.6615259734375 0.6144067796875 0.628246753125 0.6337772390625 0.6233766234375 0.69975786875 0.6323051953125
3 0.892251815625 0.7199675328125 0.8716707015624999 0.6582792203125 0.8589588375 0.6396103890625 0.8407990312500001 0.6298701296875 0.7899515734375 0.625 0.7687651328125 0.6534090906250001 0.7675544796875 0.6745129875 0.7566585953125 0.6858766234375 0.75181598125 0.703733765625 0.7409200968749999 0.7654220781250001 0.7457627125 0.7751623375000001 0.74818401875 0.83685065 0.733050846875 0.8376623375 0.728813559375 0.8449675328125 0.7378934625 0.86850649375 0.7506053265625 0.8709415578125 0.7542372875 0.8920454546875 0.7475786921875 0.8879870125 0.7421307500000001 0.8952922078125001 0.7421307500000001 0.9391233765625 0.75181598125 0.9845779218749999 0.766949153125 0.9951298703125 0.8184019375 0.9975649343749999 0.831719128125 0.9261363640625 0.8535108953125 0.8790584421875 0.8625907984375001 0.8701298703125 0.9170702171875 0.86850649375 0.9176755453125001 0.8547077921874999 0.892251815625 0.7199675328125
3 0.855932203125 0.8774350656250001 0.8341404359375 0.9228896109375 0.8220338984375 0.9862012984374999 0.8250605328124999 1 0.9903147703125 0.9991883109374999 0.9757869250000001 0.9326298703125 0.958837771875 0.8887987015625001 0.9461259078124999 0.8782467531249999 0.9049636796874999 0.8701298703125 0.863801453125 0.8717532468750001 0.855932203125 0.8774350656250001
3 0.8523002421875001 0.36931818125000004 0.8323244546874999 0.33279220781249996 0.75605326875 0.31818181874999996 0.742736078125 0.31980519531249996 0.7372881359375001 0.3303571421875 0.7312348671875 0.38555194843749996 0.72760290625 0.5089285718750001 0.7372881359375001 0.6014610390625 0.73970944375 0.6696428578125 0.7360774812499999 0.6826298703125 0.7403147703124999 0.6899350656250001 0.74818401875 0.6891233765625 0.785108959375 0.625 0.8177966109374999 0.6233766234375 0.8420096859375 0.6298701296875 0.8523002421875001 0.6258116890625 0.8595641640625 0.4001623375 0.8523002421875001 0.36931818125000004
6 0.7524213078125 0.16071428593749998 0.733656175 0.16314935 0.72760290625 0.23944805156250001 0.7215496375 0.26217532499999996 0.728813559375 0.35795454531250004 0.742736078125 0.3165584421875 0.8020581109375 0.32792207812499996 0.8232445515625001 0.3254870125 0.8280871671875 0.215097403125 0.8069007265625 0.17207792187499998 0.7524213078125 0.16071428593749998
2 0.5236077484375 0.090909090625 0.48668280937499997 0.127435065625 0.4854721546875 0.14366883125000002 0.553268765625 0.1615259734375 0.553268765625 0.2540584421875 0.5569007265625 0.27191558437499996 0.5629539953125 0.27353896093749996 0.5702179171874999 0.25892857187499996 0.5750605328125 0.2297077921875 0.5799031484375 0.109577921875 0.5369249390624999 0.1022727265625 0.533292978125 0.0925324671875 0.5236077484375 0.090909090625
3 0.70338983125 0.3141233765625 0.7021791765625001 0.252435065625 0.694309928125 0.2451298703125 0.6640435828125 0.240259740625 0.6537530265625 0.27029220781249996 0.66343825625 0.30600649375 0.70338983125 0.3141233765625
3 0.6156174328125 0.30194805156250004 0.6598062953125 0.3125 0.66343825625 0.3108766234375 0.6622276031250001 0.2978896109375 0.6531477 0.28246753281250003 0.6265133171875 0.27759740312500003 0.61501210625 0.28814934999999997 0.6156174328125 0.30194805156250004
3 0.619854721875 0.24107142812500001 0.6265133171875 0.2629870125 0.64527845 0.27029220781249996 0.6549636796875 0.26542207812499996 0.669491525 0.228084415625 0.6616222765625001 0.2077922078125 0.630145278125 0.2012987015625 0.6210653749999999 0.2134740265625 0.619854721875 0.24107142812500001
5 0.0703125 0.88203125 0.07578125 0.23515625
5 0.14921875 0.80703125 0.06640625 0.2421875
5 0.18203125 0.68515625 0.05703125 0.1609375
5 0.2328125 0.60390625 0.04921875 0.14453125
5 0.39765625 0.91328125 0.06640625 0.1734375
5 0.43125 0.815625 0.075 0.2703125
5 0.49921875 0.884375 0.075 0.23125
5 0.475 0.71875 0.04375 0.1921875
5 0.5265625 0.784375 0.071875 0.20546875
5 0.5234375 0.63828125 0.05703125 0.22265625
5 0.53125 0.5421875 0.04609375 0.134375
5 0.5453125 0.48125 0.0375 0.11484375
5 0.93828125 0.79140625 0.0546875 0.1875
5 0.9703125 0.6671875 0.0421875 0.1328125
5 0.97421875 0.79609375 0.0453125 0.22890625
5 0.91875 0.70234375 0.04375 0.15625
5 0.91171875 0.60234375 0.0375 0.11875
5 0.87578125 0.63515625 0.05078125 0.18828125
5 0.8984375 0.52890625 0.0328125 0.11484375
5 0.87109375 0.54453125 0.02890625 0.10859375
5 0.8875 0.48203125 0.025 0.09296875
5 0.86171875 0.46015625 0.025 0.103125