3 0.753125 0.52421875 0.125 0.24375
3 0.3796875 0.60234375 0.16640625 0.348046875
3 0.44765625 0.859375 0.239453125 0.28125
3 0.7625 0.753125 0.131640625 0.346484375
3 0.453125 0.42578125 0.09296875 0.203125
3 0.62265625 0.421875 0.085546875 0.19921875
3 0.54296875 0.296875 0.076953125 0.171875
3 0.12578125 0.9140625 0.241796875 0.166015625
5 0.87578125 0.64765625 0.0484375 0.2109375
5 0.953125 0.88671875 0.05703125 0.221875
3 0.7859375 0.95703125 0.146875 0.0859375
5 0.58828125 0.51875 0.0484375 0.184765625
5 0.921875 0.7515625 0.05625 0.228515625
5 0.97578125 0.65078125 0.0484375 0.185546875
3 0.71953125 0.3296875 0.0671875 0.146875
3 0.55859375 0.19375 0.051953125 0.112890625
3 0.6453125 0.19921875 0.049609375 0.0953125
5 0.82109375 0.46328125 0.0375 0.176171875
3 0.63203125 0.28984375 0.055078125 0.1078125
5 0.7984375 0.34140625 0.033984375 0.129296875
5 0.7734375 0.32421875 0.027734375 0.095703125