6 0.66015625 0.21171875 0.0796875 0.263671875
6 0.440625 0.371875 0.22421875 0.396875
3 0.3171875 0.75625 0.190625 0.36796875
3 0.1515625 0.88828125 0.278125 0.2234375
3 0.584375 0.896875 0.19921875 0.20625
3 0.64609375 0.76171875 0.120703125 0.304296875
3 0.61640625 0.5375 0.1265625 0.241015625
3 0.75390625 0.478125 0.098828125 0.21875
3 0.64140625 0.3828125 0.073828125 0.12890625
3 0.65390625 0.31171875 0.066796875 0.073828125
3 0.5453125 0.23125 0.043359375 0.119140625
3 0.56875 0.16640625 0.034765625 0.0828125
5 0.04375 0.8546875 0.0875 0.215625
5 0.1203125 0.746875 0.047265625 0.137109375
5 0.20390625 0.66875 0.0640625 0.175
5 0.2515625 0.58203125 0.04375 0.132421875
5 0.4328125 0.87890625 0.078515625 0.2421875
5 0.44375 0.68828125 0.03828125 0.116796875
5 0.484375 0.69375 0.0375 0.0875
5 0.45390625 0.784375 0.0609375 0.09296875
5 0.7578125 0.884375 0.04765625 0.23125
5 0.8578125 0.83515625 0.05390625 0.2375
5 0.9109375 0.76015625 0.03984375 0.203125
5 0.97890625 0.825 0.0421875 0.25625
5 0.75234375 0.7015625 0.0578125 0.169140625
5 0.72265625 0.5953125 0.0265625 0.137109375
5 0.7765625 0.56875 0.043359375 0.155859375
5 0.80625 0.6484375 0.044140625 0.169140625
5 0.909375 0.6265625 0.028125 0.162890625
5 0.940625 0.69140625 0.027734375 0.138671875
5 0.87578125 0.625 0.03125 0.144140625
5 0.84609375 0.553125 0.044921875 0.131640625
5 0.86953125 0.5171875 0.0515625 0.081640625
5 0.8203125 0.459375 0.03125 0.12421875
5 0.80703125 0.35546875 0.023046875 0.0796875
5 0.7796875 0.3453125 0.034765625 0.050390625
5 0.7515625 0.35859375 0.028125 0.079296875
5 0.7203125 0.3515625 0.034765625 0.103515625
5 0.69296875 0.39453125 0.036328125 0.1203125
5 0.571875 0.41796875 0.03125 0.113671875
5 0.55078125 0.434375 0.032421875 0.066015625
5 0.5296875 0.51484375 0.028125 0.1421875
5 0.50625 0.56640625 0.043359375 0.1046875
5 0.47578125 0.64921875 0.0515625 0.1296875
5 0.5375 0.65078125 0.04921875 0.182421875
5 0.8328125 0.61484375 0.03984375 0.1328125
5 0.81171875 0.23984375 0.039453125 0.078125
5 0.59296875 0.2765625 0.03125 0.127734375
5 0.60625 0.19296875 0.01796875 0.0609375
5 0.71640625 0.24140625 0.021875 0.096875