3 0.13515625 0.80703125 0.17578125 0.38203125
3 0.36328125 0.875 0.2046875 0.25
3 0.22265625 0.62109375 0.1109375 0.21875
3 0.3953125 0.671875 0.1296875 0.2921875
3 0.2515625 0.4875 0.08515625 0.16484375
3 0.3578125 0.52578125 0.0890625 0.203125
3 0.265625 0.315625 0.05703125 0.0984375
3 0.240625 0.36953125 0.0796875 0.12734375
5 0.77265625 0.92109375 0.06640625 0.15703125
3 0.38125 0.42734375 0.07265625 0.1453125
5 0.14140625 0.5359375 0.0453125 0.15
5 0.51015625 0.684375 0.046875 0.13515625
3 0.271875 0.26875 0.05 0.08671875
5 0.71640625 0.84296875 0.059375 0.24375
5 0.5046875 0.49609375 0.03359375 0.11171875
3 0.3484375 0.30078125 0.05234375 0.09140625
5 0.53125 0.909375 0.0765625 0.18046875
5 0.16640625 0.46640625 0.0296875 0.1234375
5 0.10546875 0.61328125 0.034375 0.0828125
3 0.284375 0.171875 0.03359375 0.0515625
3 0.34453125 0.35703125 0.05703125 0.10078125
5 0.45 0.5359375 0.0390625 0.11953125
3 0.33203125 0.26171875 0.0484375 0.08515625
5 0.5015625 0.765625 0.04765625 0.14296875
5 0.5421875 0.609375 0.0453125 0.17109375
5 0.40234375 0.33671875 0.021875 0.075
3 0.2734375 0.20859375 0.0421875 0.046875
5 0.5078125 0.89609375 0.05703125 0.1625
5 0.484375 0.6046875 0.0390625 0.1546875
5 0.3171875 0.41484375 0.02890625 0.0734375
5 0.646875 0.72265625 0.04453125 0.1671875
5 0.4328125 0.39375 0.02578125 0.078125
5 0.85390625 0.9796875 0.07265625 0.03984375
5 0.31328125 0.440625 0.03203125 0.1203125
5 0.19609375 0.42890625 0.0265625 0.08359375
5 0.44296875 0.46640625 0.0265625 0.0921875
5 0.18515625 0.46796875 0.02734375 0.109375
5 0.42734375 0.3734375 0.0234375 0.0875
5 0.70625 0.98515625 0.053125 0.0296875
5 0.4234375 0.47578125 0.02734375 0.1015625
5 0.63984375 0.90390625 0.05859375 0.19140625
5 0.596875 0.9640625 0.03046875 0.071875
5 0.571875 0.86015625 0.05703125 0.240625
5 0.5984375 0.7625 0.05 0.2234375