3 0.5859375 0.5421875 0.109765625 0.255859375
3 0.6953125 0.73515625 0.17109375 0.4328125
3 0.446875 0.4671875 0.128125 0.26484375
3 0.57734375 0.3953125 0.083203125 0.171484375
3 0.28984375 0.45703125 0.108203125 0.204296875
3 0.31640625 0.3390625 0.092578125 0.150390625
3 0.66640625 0.3265625 0.070703125 0.152734375
3 0.33984375 0.2765625 0.079296875 0.155859375
3 0.5390625 0.215625 0.05625 0.084765625
5 0.47109375 0.8734375 0.0703125 0.23984375
5 0.48515625 0.73046875 0.058203125 0.1484375
3 0.553125 0.31484375 0.06875 0.121875
3 0.540625 0.25546875 0.06171875 0.0890625
6 0.51484375 0.11171875 0.059375 0.109375
5 0.83125 0.89765625 0.072265625 0.1953125
5 0.675 0.49921875 0.037890625 0.086328125
5 0.15625 0.65390625 0.053515625 0.1640625
3 0.3796875 0.1828125 0.05 0.09375
5 0.2515625 0.86953125 0.06484375 0.25625
5 0.3078125 0.7640625 0.05859375 0.212109375
5 0.36328125 0.453125 0.036328125 0.137109375
5 0.42890625 0.9421875 0.069921875 0.115625
5 0.35078125 0.62109375 0.045703125 0.19375
3 0.4515625 0.17578125 0.046875 0.098828125
3 0.43828125 0.234375 0.059375 0.099609375
5 0.8046875 0.95625 0.074609375 0.0875
5 0.40546875 0.73125 0.051953125 0.18203125
5 0.9 0.878125 0.062890625 0.241015625
3 0.3921875 0.15703125 0.046484375 0.0546875
3 0.45078125 0.3 0.098046875 0.128515625
5 0.1203125 0.90546875 0.069140625 0.185546875
5 0.60078125 0.2703125 0.026953125 0.09609375
3 0.39296875 0.13359375 0.048046875 0.090625
1 0.165625 0.596875 0.33125 0.790625
5 0.28515625 0.5890625 0.053125 0.174609375
5 0.55546875 0.7015625 0.051953125 0.175390625
5 0.23046875 0.73046875 0.061328125 0.25
5 0.02578125 0.878125 0.051171875 0.237109375
5 0.425 0.60703125 0.04921875 0.1375
5 0.35625 0.8796875 0.0625 0.240234375
3 0.9671875 0.94296875 0.062109375 0.111328125
5 0.64140625 0.42734375 0.041796875 0.1234375
5 0.90546875 0.759375 0.053125 0.21328125
5 0.821875 0.8078125 0.06953125 0.196484375
5 0.83828125 0.7109375 0.048828125 0.16875
5 0.778125 0.70703125 0.04375 0.175
5 0.7921875 0.64140625 0.03984375 0.110546875
5 0.834375 0.62265625 0.047265625 0.136328125
5 0.971875 0.87578125 0.050390625 0.217578125
5 0.1546875 0.80859375 0.081640625 0.2546875
5 0.07265625 0.78359375 0.0671875 0.236328125
5 0.08671875 0.6515625 0.059375 0.18984375
5 0.18828125 0.62421875 0.054296875 0.2546875
5 0.15546875 0.54296875 0.0515625 0.204296875
5 0.1875 0.459375 0.059375 0.190625