3 0.3328125 0.8234375 0.194140625 0.34765625
3 0.15078125 0.76875 0.151953125 0.327734375
3 0.4546875 0.6625 0.149609375 0.3125
3 0.2125 0.5734375 0.121484375 0.231640625
3 0.37109375 0.490625 0.092578125 0.203515625
3 0.46953125 0.34609375 0.075 0.1484375
3 0.23671875 0.44296875 0.0921875 0.160546875
5 0.48203125 0.9234375 0.0734375 0.147265625
3 0.3515625 0.2765625 0.055859375 0.112890625
5 0.428125 0.44375 0.033984375 0.116015625
3 0.2734375 0.31015625 0.056640625 0.098828125
3 0.38046875 0.3640625 0.070703125 0.121484375
3 0.28203125 0.26875 0.051953125 0.06796875
3 0.2859375 0.37890625 0.065625 0.117578125
5 0.54375 0.4625 0.040625 0.15078125
3 0.33671875 0.20703125 0.044921875 0.0859375
3 0.35078125 0.33203125 0.0578125 0.096875
5 0.3 0.47421875 0.037890625 0.132421875
3 0.33125 0.16171875 0.037109375 0.0484375
3 0.403125 0.22109375 0.044140625 0.086328125
3 0.2734375 0.21875 0.046484375 0.07578125
3 0.28515625 0.1828125 0.032421875 0.037109375
5 0.31328125 0.43046875 0.03125 0.0765625
5 0.3078125 0.45078125 0.031640625 0.11875
5 0.5109375 0.871875 0.065625 0.244140625
5 0.69453125 0.8609375 0.06875 0.272265625
5 0.028125 0.9625 0.05625 0.075
5 0.76640625 0.93984375 0.066796875 0.1203125
5 0.62890625 0.92421875 0.066796875 0.1515625
5 0.6171875 0.86484375 0.062109375 0.198046875
5 0.56953125 0.79765625 0.076953125 0.24375
5 0.56640625 0.58828125 0.059375 0.1875
5 0.28125 0.61953125 0.03203125 0.1328125
5 0.33984375 0.63046875 0.051171875 0.1