3 0.43671875 0.8046875 0.201171875 0.390234375
3 0.05 0.878125 0.1 0.240625
5 0.871875 0.93125 0.084375 0.1375
5 0.4140625 0.37109375 0.053125 0.164453125
5 0.3 0.21328125 0.03125 0.1109375
5 0.1921875 0.77421875 0.059375 0.2484375
5 0.12734375 0.76953125 0.0625 0.26875
5 0.7609375 0.40625 0.05 0.150390625
3 0.740625 0.95546875 0.21953125 0.0890625
3 0.66484375 0.8265625 0.2296875 0.346875
5 0.5375 0.17734375 0.028515625 0.0953125
5 0.55078125 0.3484375 0.045703125 0.144140625
5 0.259375 0.84140625 0.071875 0.245703125
5 0.490625 0.11875 0.021875 0.080859375
5 0.41796875 0.1234375 0.029296875 0.084765625
5 0.2640625 0.23203125 0.028125 0.110546875
5 0.8328125 0.85234375 0.075390625 0.2203125
5 0.61015625 0.3703125 0.034375 0.10859375
5 0.44453125 0.05859375 0.026171875 0.05625
5 0.56640625 0.28671875 0.039453125 0.134375
5 0.46328125 0.0546875 0.0203125 0.05859375
5 0.33828125 0.08125 0.01875 0.05625
5 0.3078125 0.6625 0.07265625 0.269140625