3 0.46328125 0.8140625 0.1765625 0.371875
3 0.1765625 0.74765625 0.221875 0.375
3 0.73046875 0.79375 0.21640625 0.4125
6 0.3390625 0.325 0.1265625 0.3390625
3 0.25625 0.51953125 0.1375 0.2828125
5 0.078125 0.903125 0.05625 0.1875
5 0.01953125 0.8578125 0.0390625 0.284375
5 0.2078125 0.92578125 0.07265625 0.14375
5 0.52734375 0.20234375 0.0328125 0.1
5 0.6859375 0.5734375 0.04765625 0.07109375
6 0.4421875 0.4484375 0.11171875 0.215625
5 0.46953125 0.12265625 0.03125 0.08046875
6 0.4078125 0.165625 0.08125 0.1921875