3 0.69375 0.859375 0.222265625 0.280859375
3 0.12109375 0.796875 0.236328125 0.405859375
3 0.56171875 0.478125 0.108203125 0.240234375
3 0.78515625 0.59453125 0.158203125 0.267578125
3 0.3265625 0.265625 0.074609375 0.128515625
3 0.42890625 0.34453125 0.085546875 0.155078125
6 0.2296875 0.47578125 0.15859375 0.26875
3 0.52734375 0.29296875 0.067578125 0.128125
3 0.6296875 0.28828125 0.058984375 0.126171875
3 0.51171875 0.203125 0.051171875 0.10546875
3 0.43984375 0.209375 0.0515625 0.096875
3 0.45 0.15234375 0.03828125 0.073828125
5 0.62421875 0.39765625 0.0390625 0.135546875
6 0.37890625 0.8203125 0.2578125 0.359375
5 0.65234375 0.49609375 0.0515625 0.159375
3 0.38046875 0.18046875 0.051171875 0.107421875
5 0.678125 0.4265625 0.04296875 0.146484375
3 0.40234375 0.1375 0.036328125 0.08046875
5 0.88671875 0.81953125 0.0640625 0.266796875
3 0.46171875 0.096875 0.039453125 0.06171875
3 0.51328125 0.11953125 0.0328125 0.059375
3 0.409375 0.5296875 0.11796875 0.175
5 0.6484375 0.61484375 0.05390625 0.198828125
5 0.7921875 0.821875 0.062109375 0.228125
3 0.41484375 0.10546875 0.036328125 0.0578125
3 0.50546875 0.153125 0.0359375 0.055859375
5 0.58046875 0.33359375 0.025 0.083203125
5 0.56640625 0.2484375 0.01875 0.080859375
5 0.59140625 0.24453125 0.021875 0.071875
5 0.6203125 0.2125 0.021875 0.037890625