3 0.42890625 0.45546875 0.101171875 0.239453125
3 0.1515625 0.67734375 0.278515625 0.529296875
5 0.72109375 0.640625 0.0640625 0.222265625
5 0.64609375 0.45703125 0.051953125 0.1765625
5 0.66015625 0.36484375 0.046875 0.1390625
5 0.6109375 0.2640625 0.03359375 0.1
5 0.53828125 0.24765625 0.028125 0.1
5 0.56796875 0.19609375 0.0265625 0.078125
3 0.46875 0.12890625 0.044140625 0.08125
3 0.5296875 0.1453125 0.046875 0.093359375
5 0.49375 0.07734375 0.02421875 0.0640625
5 0.47421875 0.06171875 0.017578125 0.051953125