3 0.40625 0.8625 0.19296875 0.274609375
3 0.1 0.903125 0.2 0.190234375
3 0.18984375 0.54765625 0.145703125 0.351953125
5 0.58515625 0.43828125 0.058203125 0.1796875
5 0.528125 0.84921875 0.06953125 0.3015625
6 0.35703125 0.54921875 0.166796875 0.530078125
5 0.615625 0.64609375 0.06875 0.257421875
5 0.69375 0.63046875 0.058984375 0.219921875
3 0.38125 0.1671875 0.062109375 0.122265625
5 0.709375 0.8828125 0.059765625 0.233984375
5 0.415625 0.11640625 0.01953125 0.054296875
5 0.45703125 0.08671875 0.021875 0.0515625
5 0.803125 0.7640625 0.053125 0.230859375
5 0.63359375 0.27109375 0.045703125 0.1125
5 0.56875 0.34609375 0.050390625 0.1734375
5 0.75234375 0.7125 0.045703125 0.187109375
5 0.8296875 0.88203125 0.071484375 0.235546875
5 0.609375 0.8546875 0.078515625 0.290625
5 0.74296875 0.5890625 0.064453125 0.200390625