3 0.6 0.76484375 0.16328125 0.43125
3 0.18671875 0.66484375 0.210546875 0.4015625
3 0.2859375 0.4359375 0.124609375 0.244140625
3 0.3734375 0.75078125 0.178125 0.426171875
5 0.715625 0.6484375 0.0625 0.21015625
6 0.35 0.2046875 0.084765625 0.194140625
5 0.74765625 0.921875 0.065625 0.153125
5 0.85 0.925 0.081640625 0.149609375
3 0.32265625 0.33125 0.0796875 0.137890625
5 0.4984375 0.621875 0.059375 0.212890625
3 0.40703125 0.55859375 0.1265625 0.2359375
3 0.51640625 0.38359375 0.151171875 0.259375