3 0.1875 0.68203125 0.13828125 0.311328125
3 0.39140625 0.53203125 0.1125 0.2375
3 0.253125 0.28828125 0.053515625 0.073046875
3 0.23671875 0.4359375 0.091796875 0.14609375
3 0.225 0.5359375 0.093359375 0.1375
3 0.35 0.34375 0.0625 0.081640625
3 0.36015625 0.4125 0.0765625 0.134765625
5 0.04609375 0.7828125 0.054296875 0.2125
3 0.24453125 0.346875 0.067578125 0.12421875
3 0.353125 0.265625 0.05 0.090625
3 0.33515625 0.21171875 0.040625 0.075
5 0.40390625 0.32734375 0.0265625 0.082421875
3 0.3390625 0.17109375 0.037109375 0.048828125
5 0.36953125 0.74140625 0.058203125 0.234375
5 0.8109375 0.965625 0.084375 0.068359375
5 0.20625 0.9703125 0.071875 0.059375
5 0.5 0.7890625 0.046484375 0.15
5 0.26953125 0.8375 0.0484375 0.20703125
5 0.2953125 0.71484375 0.050390625 0.207421875
5 0.43359375 0.45703125 0.033203125 0.1203125
5 0.696875 0.94140625 0.066015625 0.116796875
5 0.2953125 0.56875 0.028515625 0.12578125
5 0.58984375 0.90078125 0.069921875 0.1984375
5 0.42421875 0.77890625 0.051953125 0.1984375
5 0.62421875 0.753125 0.051171875 0.16875
5 0.4078125 0.38125 0.028515625 0.102734375
5 0.4140625 0.2703125 0.022265625 0.069140625
5 0.4875 0.95234375 0.065234375 0.092578125
5 0.4875 0.61796875 0.047265625 0.161328125
5 0.6515625 0.8359375 0.094140625 0.287890625
5 0.17578125 0.884375 0.063671875 0.230859375
3 0.528125 0.56953125 0.10703125 0.175
5 0.02734375 0.8609375 0.0546875 0.234765625
5 0.1171875 0.95 0.06484375 0.1
5 0.3484375 0.9109375 0.05390625 0.178125