3 0.14140625 0.7484375 0.23203125 0.475
3 0.3859375 0.7921875 0.19609375 0.415625
3 0.69140625 0.84453125 0.1984375 0.3109375
3 0.64296875 0.60859375 0.14921875 0.31796875
3 0.24140625 0.49140625 0.1375 0.2421875
3 0.55859375 0.31953125 0.075 0.16484375
5 0.87421875 0.87734375 0.06484375 0.24453125
5 0.509375 0.92890625 0.07421875 0.14140625
3 0.31875 0.31328125 0.0796875 0.16640625
5 0.0203125 0.94609375 0.03984375 0.10390625
6 0.43515625 0.440625 0.1734375 0.4125
5 0.61015625 0.28125 0.0296875 0.10390625
5 0.82734375 0.7171875 0.05859375 0.21640625
5 0.54296875 0.14609375 0.028125 0.06640625