3 0.43046875 0.8859375 0.20390625 0.22265625
3 0.42890625 0.46328125 0.11640625 0.2328125
3 0.55 0.22578125 0.05 0.08984375
6 0.59296875 0.54140625 0.153125 0.4109375
3 0.53515625 0.278125 0.06171875 0.11796875
5 0.559375 0.8125 0.07421875 0.22265625
3 0.51328125 0.19453125 0.0421875 0.0875
3 0.45234375 0.3609375 0.07421875 0.14140625
3 0.55859375 0.315625 0.06640625 0.08828125
5 0.6 0.27734375 0.02734375 0.08984375
5 0.40546875 0.690625 0.05390625 0.1765625
5 0.4140625 0.1765625 0.01484375 0.07734375
5 0.68125 0.58203125 0.0484375 0.16953125
3 0.525 0.134375 0.05703125 0.0875
6 0.175 0.625 0.35 0.746875
3 0.56875 0.18515625 0.0328125 0.07421875
5 0.47109375 0.6578125 0.04765625 0.18125
5 0.50625 0.73125 0.0609375 0.1609375
3 0.446875 0.16640625 0.06640625 0.12109375
3 0.465625 0.08046875 0.04296875 0.06484375
3 0.4515625 0.26796875 0.08125 0.1484375
6 0.33515625 0.15234375 0.153125 0.22890625