3 0.32265625 0.7515625 0.184375 0.371875
3 0.58515625 0.89453125 0.2046875 0.204296875
3 0.14609375 0.88671875 0.279296875 0.220703125
6 0.446875 0.378125 0.212890625 0.400390625
3 0.61640625 0.5375 0.123046875 0.2375
3 0.75625 0.4828125 0.09921875 0.215234375
3 0.63828125 0.76875 0.128125 0.31171875
5 0.4265625 0.8796875 0.07734375 0.23515625
6 0.66171875 0.2078125 0.0765625 0.25234375
3 0.63359375 0.3859375 0.078125 0.137109375
5 0.85703125 0.90546875 0.0515625 0.1890625
5 0.128125 0.74921875 0.050390625 0.140625
5 0.04140625 0.8640625 0.0828125 0.203125
3 0.6546875 0.30625 0.062109375 0.078125
5 0.69765625 0.3921875 0.035546875 0.122265625
3 0.5484375 0.23515625 0.044140625 0.119921875
5 0.5421875 0.65234375 0.046875 0.1921875
5 0.45390625 0.7875 0.053125 0.13125
5 0.25390625 0.5859375 0.0453125 0.13125
5 0.98203125 0.834375 0.0359375 0.246875
5 0.20859375 0.67109375 0.0546875 0.180078125
5 0.7671875 0.90390625 0.053125 0.1921875
5 0.74921875 0.69921875 0.055078125 0.176953125
5 0.77578125 0.57578125 0.0375 0.151953125
5 0.80546875 0.65078125 0.0421875 0.188671875
5 0.90703125 0.51015625 0.0390625 0.1125
5 0.82109375 0.45625 0.0296875 0.128125
5 0.58828125 0.2625 0.021875 0.09375
5 0.5046875 0.5609375 0.03984375 0.103125
5 0.7234375 0.35 0.034375 0.097265625
5 0.72734375 0.596875 0.036328125 0.140234375
5 0.475 0.6421875 0.04375 0.14140625
5 0.8765625 0.63125 0.03125 0.150390625
5 0.98515625 0.58359375 0.029296875 0.192578125
5 0.75234375 0.3546875 0.026953125 0.07734375
5 0.90625 0.76015625 0.033984375 0.205078125
5 0.45 0.6859375 0.044140625 0.128125
3 0.57109375 0.165625 0.036328125 0.06953125
5 0.8046875 0.3609375 0.025390625 0.08359375
5 0.8703125 0.43046875 0.030859375 0.121875
5 0.921875 0.62578125 0.033984375 0.165625
5 0.53359375 0.50625 0.0296875 0.14921875
5 0.48359375 0.69609375 0.033203125 0.086328125
5 0.8140625 0.3625 0.027734375 0.08203125
5 0.79765625 0.2390625 0.026171875 0.06640625
5 0.86484375 0.521875 0.0296875 0.08125
5 0.7765625 0.334375 0.030859375 0.059375
5 0.84375 0.559375 0.037109375 0.128515625
5 0.71640625 0.2515625 0.020703125 0.08515625
5 0.56171875 0.39921875 0.026171875 0.14375
5 0.93359375 0.634375 0.0265625 0.15546875
5 0.94296875 0.73671875 0.0265625 0.192578125
5 0.9390625 0.6984375 0.027734375 0.128515625
5 0.5359375 0.43515625 0.024609375 0.076171875
5 0.57265625 0.3671875 0.026171875 0.078515625
5 0.91328125 0.60546875 0.030078125 0.15625
5 0.8328125 0.61015625 0.04375 0.120703125
5 0.765625 0.20390625 0.028515625 0.0640625
5 0.60390625 0.1984375 0.016796875 0.069140625
5 0.9359375 0.6703125 0.02265625 0.080859375
5 0.5765625 0.3265625 0.02109375 0.056640625