3 0.5453125 0.9390625 0.2 0.12109375
3 0.61328125 0.553125 0.11953125 0.1703125
3 0.321875 0.7125 0.20546875 0.38515625
3 0.634375 0.4375 0.08046875 0.1671875
3 0.83046875 0.81796875 0.18828125 0.3640625
3 0.60703125 0.7984375 0.1671875 0.37734375
3 0.390625 0.4921875 0.11875 0.190625
3 0.78828125 0.5015625 0.09140625 0.1625
2 0.490625 0.26015625 0.1 0.18984375
5 0.4296875 0.87265625 0.075 0.2546875
3 0.2421875 0.934375 0.2125 0.13125
3 0.653125 0.32734375 0.06484375 0.14453125
3 0.46875 0.39375 0.0890625 0.16015625
5 0.10078125 0.871875 0.115625 0.25078125
5 0.296875 0.83671875 0.08828125 0.1796875
5 0.2 0.7078125 0.07109375 0.23671875
5 0.4953125 0.671875 0.04921875 0.25546875
5 0.13984375 0.78046875 0.08359375 0.2484375
5 0.48515625 0.54140625 0.0609375 0.18203125
5 0.5203125 0.48515625 0.0578125 0.1984375
5 0.72265625 0.89296875 0.05625 0.2109375
5 0.4421875 0.7421875 0.06328125 0.1921875
3 0.7640625 0.409375 0.0703125 0.1140625
5 0.71875 0.715625 0.0546875 0.15859375
3 0.72890625 0.259375 0.06796875 0.084375
5 0.75 0.60390625 0.0359375 0.13671875
5 0.71953125 0.803125 0.05546875 0.1734375
5 0.70859375 0.58046875 0.0375 0.17578125
5 0.559375 0.41953125 0.03359375 0.165625
5 0.29140625 0.515625 0.0515625 0.13984375
5 0.5859375 0.3390625 0.02890625 0.128125
5 0.97578125 0.81640625 0.0484375 0.22734375
5 0.94140625 0.84921875 0.046875 0.23359375
5 0.90546875 0.70390625 0.034375 0.11640625
5 0.90234375 0.62265625 0.02890625 0.06015625
5 0.8953125 0.5546875 0.03359375 0.08359375
5 0.93515625 0.5 0.03515625 0.17734375
5 0.8546875 0.58984375 0.03046875 0.10078125
5 0.86328125 0.5296875 0.02890625 0.08203125
5 0.81875 0.37890625 0.0203125 0.05703125
5 0.840625 0.4640625 0.02578125 0.12890625
5 0.703125 0.390625 0.02265625 0.04140625
5 0.709375 0.45703125 0.03359375 0.10546875
3 0.63203125 0.20859375 0.06171875 0.11015625