3 0.5453125 0.9390625 0.2 0.121484375
3 0.61328125 0.553125 0.119921875 0.16953125
3 0.321875 0.7125 0.205859375 0.384765625
3 0.634375 0.4375 0.080859375 0.16796875
3 0.83046875 0.81796875 0.188671875 0.3640625
3 0.60703125 0.7984375 0.1671875 0.377734375
3 0.390625 0.4921875 0.11875 0.190625
3 0.78828125 0.5015625 0.091796875 0.1625
2 0.490625 0.26015625 0.1 0.189453125
5 0.4296875 0.87265625 0.075 0.2546875
3 0.2421875 0.934375 0.2125 0.13125
3 0.653125 0.32734375 0.065234375 0.144921875
3 0.46875 0.39375 0.08828125 0.159765625
5 0.10078125 0.871875 0.115625 0.250390625
5 0.296875 0.83671875 0.087890625 0.1796875
5 0.2 0.7078125 0.071484375 0.237109375
5 0.4953125 0.671875 0.049609375 0.255859375
5 0.13984375 0.78046875 0.083203125 0.2484375
5 0.48515625 0.54140625 0.0609375 0.182421875
5 0.5203125 0.48515625 0.05859375 0.1984375
5 0.72265625 0.89296875 0.05625 0.2109375
5 0.4421875 0.7421875 0.062890625 0.19140625
3 0.7640625 0.409375 0.07109375 0.11328125
5 0.71875 0.715625 0.05546875 0.158984375
3 0.72890625 0.259375 0.067578125 0.084375
5 0.75 0.60390625 0.03671875 0.136328125
5 0.71953125 0.803125 0.055078125 0.17421875
5 0.70859375 0.58046875 0.0375 0.176171875
5 0.559375 0.41953125 0.033984375 0.165625
5 0.29140625 0.515625 0.0515625 0.140234375
5 0.5859375 0.3390625 0.028515625 0.128125
5 0.97578125 0.81640625 0.0484375 0.226953125
5 0.94140625 0.84921875 0.046875 0.233203125
5 0.90546875 0.70390625 0.034375 0.116796875
5 0.90234375 0.62265625 0.029296875 0.060546875
5 0.8953125 0.5546875 0.033984375 0.083984375
5 0.93515625 0.5 0.035546875 0.177734375
5 0.8546875 0.58984375 0.030859375 0.101171875
5 0.86328125 0.5296875 0.029296875 0.081640625
5 0.81875 0.37890625 0.01953125 0.057421875
5 0.840625 0.4640625 0.025390625 0.128515625
5 0.703125 0.390625 0.022265625 0.041015625
5 0.709375 0.45703125 0.033984375 0.105078125
3 0.63203125 0.20859375 0.061328125 0.110546875