2 0.6014490015625 0.1894480515625 0.5675506968749999 0.296590909375 0.5578654656250001 0.3793831171875 0.5421269671875 0.6391233765625 0.5499962171874999 0.6545454546875 0.6284857515625 0.68125 0.6326636890625 0.68125 0.63958459375 0.6772727265625 0.6947540875 0.68125 0.6959337999999999 0.68125 0.7055652234374999 0.666720778125 0.7091971859374999 0.583928571875 0.718882415625 0.509253246875 0.7140398 0.49139610312500004 0.721875 0.4868934078125 0.721875 0.485668628125 0.7176717609375001 0.4800324671875 0.721875 0.44339742187500003 0.721875 0.32336878125 0.7091971859374999 0.21055194843749997 0.70374924375 0.1983766234375 0.681957475 0.190259740625 0.6710615921875001 0.17727272656249998 0.6226354421875 0.16915584374999998 0.6014490015625 0.1894480515625
3 0.7015625 0.8922621734374999 0.7015625 0.8895767046874999 0.6713983046875 0.8766335234374999 0.6665556890625 0.868516640625 0.6617130765625 0.8733867703125 0.6375 0.87176339375 0.5854418890625 0.8636465109374999 0.573306596875 0.85625 0.5694385640624999 0.85625 0.55093825625 0.86121144375 0.5376210640625 0.8953023546875001 0.5236985484375001 0.9983867703125 0.534556453125 0.9984375 0.6974567859375 0.9984375 0.7015625 0.8922621734374999
3 0.28692304687500003 0.7514001625 0.226390359375 0.9413352265625001 0.214283821875 0.9981534078125 0.25178399218749997 0.9984375 0.429568325 0.9984375 0.43583345937500007 0.9900365250000001 0.44430803750000003 0.9445819796875 0.4552039203125 0.9348417203125001 0.45762522656250004 0.9218547078125001 0.4671875 0.8235516437499999 0.4671875 0.7794414625 0.46488914843750007 0.7270495125 0.451571959375 0.6686079546875 0.44007074687500003 0.6515625 0.3529036765625 0.636952109375 0.3256639671875 0.6669845765625 0.28692304687500003 0.7514001625
3 0.3849273609375 0.48453733750000005 0.358292978125 0.5592126625 0.3449757875 0.6095373375 0.3449757875 0.62739448125 0.35163438281250003 0.6363230515625 0.372215496875 0.6330762984375 0.44001210625000003 0.6509334421874999 0.4503026640625 0.6614853890625 0.4636198546875 0.71505681875 0.4667978203125 0.7171875 0.46911643906249995 0.7171875 0.48177966093749997 0.6955762984375 0.4866222765625 0.6614853890625 0.49267554531249996 0.656615259375 0.49630750625 0.64038149375 0.49751815937500005 0.568952921875 0.503125 0.543892046875 0.503125 0.51093240625 0.5023607765625 0.4991477265625 0.49267554531249996 0.4520698046875 0.4823849875 0.43502435000000006 0.42911622187500004 0.42528409062500006 0.39642857187499997 0.4609983765625 0.3849273609375 0.48453733750000005
3 0.5082404328125001 0.5296875 0.5084241328125 0.5296875 0.525 0.47634334375 0.525 0.39604556562500004 0.5240428265625 0.34663149375 0.5161735765625 0.3360795453125 0.461759734375 0.3265625 0.46034421718749996 0.3265625 0.435665103125 0.36611201250000003 0.42597987187499997 0.4229301953125 0.4653261203125 0.42698863593749997 0.4871178875 0.4367288953125 0.49619779062499997 0.45702110312500005 0.5082404328125001 0.5296875
3 0.557697109375 0.1585836046875 0.497164421875 0.15046672187500001 0.46387144375 0.19673295468750002 0.4602394828125 0.32173295468749996 0.52016684375 0.33715503281250003 0.525614784375 0.3493303578125 0.5280360921875 0.40290178593750003 0.5340893609374999 0.407771915625 0.5328787078125 0.42238230625 0.5377591546875 0.425 0.5390199375 0.425 0.5425639375 0.39965503281250003 0.5522491671875 0.38991477343750003 0.559513090625 0.32173295468749996 0.5752515890625001 0.2535511375 0.5764622421875 0.1675121765625 0.557697109375 0.1585836046875
1 0.85625 0.8015625 0.24921875 0.396484375
1 0.79609375 0.48515625 0.135546875 0.220703125
1 0.76171875 0.3234375 0.070703125 0.112890625
5 0.06015625 0.88046875 0.064453125 0.219921875
5 0.18046875 0.85703125 0.071875 0.285546875
5 0.128125 0.875 0.06875 0.25
5 0.19375 0.746875 0.05625 0.222265625
5 0.21640625 0.65 0.051953125 0.20625
5 0.2625 0.746875 0.058984375 0.19921875
5 0.27265625 0.6515625 0.055078125 0.165234375
5 0.30078125 0.5671875 0.055078125 0.23125
5 0.334375 0.53203125 0.037890625 0.166796875
5 0.36015625 0.4796875 0.034375 0.121875
5 0.3609375 0.4109375 0.04140625 0.112890625
5 0.403125 0.39921875 0.03203125 0.0984375
5 0.39921875 0.3453125 0.023046875 0.08125
5 0.43046875 0.3328125 0.026171875 0.068359375