3 0.121875 0.721875 0.1625 0.32578125
3 0.3125 0.634375 0.125 0.277734375
3 0.18046875 0.55859375 0.121875 0.2421875
3 0.46953125 0.3765625 0.0953125 0.171875
3 0.23515625 0.4453125 0.083203125 0.16640625
3 0.3984375 0.4609375 0.102734375 0.268359375
5 0.57109375 0.590625 0.040625 0.152734375
3 0.090625 0.925 0.121484375 0.15
5 0.26875 0.91328125 0.058984375 0.16875
5 0.53125 0.93125 0.06875 0.130859375
5 0.3015625 0.2875 0.025 0.090234375
5 0.6265625 0.6296875 0.04375 0.109375
3 0.259375 0.3703125 0.062109375 0.149609375
3 0.68984375 0.96171875 0.1078125 0.0765625
5 0.61171875 0.759375 0.0546875 0.221875
5 0.42734375 0.85703125 0.055078125 0.2578125
5 0.2453125 0.80546875 0.05234375 0.165625
5 0.49765625 0.84609375 0.0625 0.178125
5 0.528125 0.684375 0.049609375 0.146875
3 0.3421875 0.30546875 0.05859375 0.1015625
5 0.521875 0.6 0.034375 0.11796875
5 0.384375 0.90546875 0.046875 0.184375
5 0.38984375 0.7734375 0.0359375 0.13515625
5 0.309375 0.38046875 0.030859375 0.1015625
5 0.48359375 0.5609375 0.048046875 0.16640625
5 0.8328125 0.7828125 0.080859375 0.27734375
5 0.321875 0.85703125 0.072265625 0.2640625
5 0.553125 0.775 0.05703125 0.15078125
3 0.340625 0.21875 0.046875 0.097265625
5 0.48203125 0.48671875 0.040625 0.1359375
5 0.3078125 0.47109375 0.05 0.104296875
5 0.74765625 0.803125 0.054296875 0.209375
5 0.7890625 0.84296875 0.047265625 0.153125
5 0.79765625 0.9421875 0.057421875 0.115625
5 0.68046875 0.70859375 0.054296875 0.194921875
5 0.6828125 0.80390625 0.072265625 0.179296875