5 0.49140625 0.1453125 0.0203125 0.0765625
5 0.525 0.1546875 0.025 0.0875
5 0.553125 0.11640625 0.02734375 0.04921875
3 0.55703125 0.3765625 0.10859375 0.18203125
3 0.6421875 0.5328125 0.11640625 0.26484375
3 0.4015625 0.7796875 0.20234375 0.4265625
3 0.16328125 0.74609375 0.215625 0.4453125
3 0.271875 0.5390625 0.11953125 0.2375
3 0.30546875 0.409375 0.10546875 0.14765625
3 0.55234375 0.22890625 0.04609375 0.11875
3 0.51875 0.09921875 0.03515625 0.053125
3 0.51796875 0.05625 0.0234375 0.03671875
3 0.44453125 0.07734375 0.03046875 0.04609375
6 0.4453125 0.20390625 0.090625 0.19765625