3 0.1875 0.68203125 0.1390625 0.31171875
3 0.39140625 0.53203125 0.1125 0.2375
3 0.253125 0.28828125 0.05390625 0.07265625
3 0.23671875 0.4359375 0.09140625 0.1453125
3 0.225 0.5359375 0.09296875 0.1375
3 0.35 0.34375 0.0625 0.08203125
3 0.36015625 0.4125 0.0765625 0.13515625
5 0.04609375 0.7828125 0.05390625 0.2125
3 0.24453125 0.346875 0.06796875 0.1234375
3 0.353125 0.265625 0.05 0.090625
3 0.33515625 0.21171875 0.040625 0.075
5 0.40390625 0.32734375 0.0265625 0.08203125
3 0.3390625 0.17109375 0.03671875 0.04921875
5 0.36953125 0.74140625 0.05859375 0.234375
5 0.8109375 0.965625 0.084375 0.06796875
5 0.20625 0.9703125 0.071875 0.059375
5 0.5 0.7890625 0.04609375 0.15
5 0.26953125 0.8375 0.0484375 0.2078125
5 0.2953125 0.71484375 0.05078125 0.20703125
5 0.43359375 0.45703125 0.03359375 0.1203125
5 0.696875 0.94140625 0.06640625 0.11640625
5 0.2953125 0.56875 0.02890625 0.1265625
5 0.58984375 0.90078125 0.06953125 0.1984375
5 0.42421875 0.77890625 0.05234375 0.1984375
5 0.62421875 0.753125 0.05078125 0.16875
5 0.4078125 0.38125 0.02890625 0.10234375
5 0.4140625 0.2703125 0.02265625 0.06953125
5 0.4875 0.95234375 0.06484375 0.09296875
5 0.4875 0.61796875 0.04765625 0.16171875
5 0.6515625 0.8359375 0.09453125 0.28828125
5 0.17578125 0.884375 0.06328125 0.23046875
3 0.528125 0.56953125 0.1078125 0.175
5 0.02734375 0.8609375 0.0546875 0.23515625
5 0.1171875 0.95 0.0640625 0.1
5 0.3484375 0.9109375 0.0546875 0.178125