3 0.2125 0.696875 0.205859375 0.459765625
3 0.4953125 0.81171875 0.178515625 0.3734375
3 0.30390625 0.45859375 0.115625 0.215625
3 0.56640625 0.571875 0.132421875 0.312109375
3 0.50546875 0.39375 0.083203125 0.18203125
3 0.38828125 0.22265625 0.055078125 0.098828125
3 0.3703125 0.2859375 0.06015625 0.119140625
3 0.3359375 0.34375 0.08359375 0.16328125
3 0.4859375 0.2421875 0.062890625 0.122265625
5 0.6484375 0.43125 0.04609375 0.159765625
3 0.528125 0.18359375 0.050390625 0.123828125
3 0.525 0.30078125 0.07421875 0.1203125
3 0.471875 0.1265625 0.059375 0.165234375
3 0.39296875 0.1703125 0.051171875 0.072265625
5 0.59375 0.2125 0.03046875 0.075390625
5 0.7109375 0.578125 0.053125 0.209375
5 0.7421875 0.75859375 0.065625 0.229296875