3 0.1765625 0.5828125 0.2109375 0.44765625
3 0.36171875 0.67265625 0.1625 0.32109375
3 0.603125 0.5453125 0.121875 0.25234375
6 0.39765625 0.40859375 0.13515625 0.36171875
5 0.2390625 0.90390625 0.065625 0.18671875
3 0.54140625 0.43203125 0.084375 0.18359375
5 0.8859375 0.8421875 0.0640625 0.24453125
5 0.8015625 0.88515625 0.06953125 0.22578125
3 0.6546875 0.76875 0.1765625 0.44375
5 0.3140625 0.940625 0.07578125 0.11328125
5 0.05546875 0.94375 0.0765625 0.1125
3 0.4421875 0.20625 0.05546875 0.13203125
5 0.8265625 0.71015625 0.040625 0.1234375
5 0.59140625 0.215625 0.025 0.0734375
5 0.70078125 0.5640625 0.03984375 0.18203125
5 0.73671875 0.60546875 0.04296875 0.159375
5 0.725 0.490625 0.0390625 0.12109375
5 0.70234375 0.92890625 0.0625 0.13671875
5 0.2953125 0.49921875 0.04296875 0.153125
5 0.15 0.9734375 0.065625 0.053125
3 0.3203125 0.2890625 0.08515625 0.165625
5 0.584375 0.28125 0.028125 0.06640625
5 0.60859375 0.3828125 0.03515625 0.1109375
5 0.91796875 0.91171875 0.065625 0.1765625
5 0.96640625 0.8921875 0.059375 0.215625
5 0.79296875 0.76640625 0.05703125 0.1734375
5 0.75234375 0.72734375 0.0515625 0.23046875
3 0.5375 0.32421875 0.08359375 0.10234375
3 0.5234375 0.27109375 0.0671875 0.07421875
3 0.5265625 0.21015625 0.065625 0.07109375
5 0.259375 0.34765625 0.03203125 0.090625
5 0.30234375 0.38203125 0.04296875 0.140625