3 0.115625 0.84140625 0.2265625 0.3171875
3 0.2453125 0.51953125 0.14609375 0.28515625
3 0.64921875 0.73203125 0.1484375 0.340625
3 0.31328125 0.3421875 0.08046875 0.1578125
3 0.6328125 0.4765625 0.1015625 0.19921875
3 0.35546875 0.24453125 0.06015625 0.1234375
3 0.56484375 0.240625 0.0625 0.12421875
6 0.453125 0.38984375 0.121875 0.31796875
3 0.5421875 0.1765625 0.04296875 0.084375
3 0.38359375 0.1671875 0.0453125 0.08671875
3 0.43828125 0.0734375 0.0265625 0.04375
3 0.53046875 0.14375 0.028125 0.06875
3 0.51640625 0.065625 0.02890625 0.04140625
3 0.46796875 0.12734375 0.04296875 0.0734375
3 0.4703125 0.0984375 0.028125 0.0359375
3 0.46015625 0.21171875 0.05625 0.0609375
3 0.4546875 0.171875 0.04453125 0.05703125