3 0.15 0.6609375 0.19609375 0.41171875
3 0.35390625 0.72578125 0.1828125 0.3640625
3 0.41953125 0.50546875 0.11953125 0.21875
3 0.64375 0.771875 0.1625 0.43046875
3 0.2640625 0.4828125 0.11953125 0.24453125
5 0.11171875 0.94609375 0.06796875 0.1078125
5 0.0234375 0.8828125 0.046875 0.22421875
3 0.4375 0.33984375 0.07421875 0.16640625
3 0.33984375 0.27265625 0.06953125 0.15859375
3 0.37578125 0.17421875 0.05546875 0.121875
5 0.61484375 0.35078125 0.04453125 0.15625
5 0.7546875 0.5328125 0.06875 0.196875
5 0.04609375 0.915625 0.0515625 0.16875
3 0.44765625 0.23125 0.06328125 0.1078125
5 0.353125 0.96953125 0.053125 0.0609375
5 0.45234375 0.96015625 0.0578125 0.0796875
3 0.2875 0.3421875 0.10546875 0.19921875
3 0.43984375 0.16953125 0.04921875 0.0828125
3 0.6390625 0.93125 0.2203125 0.1375
5 0.5203125 0.1625 0.0171875 0.0609375
3 0.446875 0.1546875 0.04140625 0.05859375
5 0.21015625 0.96875 0.05859375 0.06171875