3 0.11953125 0.76875 0.185546875 0.371484375
3 0.3390625 0.7609375 0.200390625 0.374609375
3 0.61328125 0.4671875 0.076953125 0.134375
3 0.5640625 0.37578125 0.068359375 0.173828125
3 0.5484375 0.29921875 0.058984375 0.1140625
3 0.5328125 0.228125 0.04375 0.059375
3 0.51953125 0.20703125 0.053125 0.059375
3 0.47578125 0.14296875 0.0359375 0.0828125
3 0.51015625 0.15390625 0.0484375 0.058203125
3 0.31796875 0.4421875 0.076953125 0.172265625
3 0.2375 0.5375 0.10703125 0.244140625
3 0.328125 0.321875 0.090625 0.141015625
3 0.79765625 0.85703125 0.2296875 0.285546875
2 0.5703125 0.1203125 0.059765625 0.159765625
6 0.38671875 0.1453125 0.120703125 0.250390625
6 0.4375 0.49453125 0.159375 0.3609375
6 0.6609375 0.6796875 0.193359375 0.465234375
3 0.371875 0.2578125 0.056640625 0.099609375
3 0.50703125 0.059375 0.03125 0.049609375
3 0.4796875 0.090625 0.02890625 0.05703125
3 0.4625 0.04453125 0.01796875 0.034375
6 0.51328125 0.01953125 0.082421875 0.0390625
5 0.91875 0.68046875 0.05546875 0.1984375
5 0.76171875 0.45078125 0.0625 0.145703125
5 0.8046875 0.5671875 0.053515625 0.144140625
5 0.7546875 0.6671875 0.028515625 0.128515625
5 0.58125 0.93046875 0.10625 0.1390625
5 0.2375 0.91953125 0.099609375 0.1609375
5 0.1640625 0.47890625 0.062890625 0.1703125
5 0.20078125 0.41484375 0.042578125 0.123046875
5 0.2171875 0.3796875 0.027734375 0.087890625
5 0.2421875 0.3546875 0.037109375 0.116015625
5 0.2765625 0.29375 0.047265625 0.096484375
5 0.2890625 0.23046875 0.03125 0.08125
5 0.8796875 0.82578125 0.059765625 0.114453125
5 0.9125 0.92421875 0.062109375 0.1515625
5 0.83359375 0.709375 0.048828125 0.14453125