3 0.1453125 0.81640625 0.178515625 0.353125
3 0.42421875 0.89140625 0.192578125 0.214453125
3 0.55390625 0.56015625 0.132421875 0.198046875
3 0.18359375 0.60078125 0.126171875 0.2375
3 0.37421875 0.72578125 0.14375 0.3203125
3 0.3875 0.46953125 0.08671875 0.198046875
3 0.3328125 0.565625 0.109765625 0.237890625
3 0.253125 0.38671875 0.071484375 0.146875
3 0.23359375 0.5265625 0.084375 0.16640625
3 0.3640625 0.26953125 0.04765625 0.085546875
3 0.38203125 0.3703125 0.080078125 0.128515625
3 0.40625 0.2296875 0.046484375 0.1
5 0.31953125 0.3734375 0.03125 0.116015625
5 0.2640625 0.29609375 0.021875 0.06875
3 0.3359375 0.24296875 0.0375 0.0828125
3 0.36953125 0.32109375 0.05625 0.094921875
5 0.47578125 0.44140625 0.040625 0.139453125
5 0.33828125 0.18125 0.020703125 0.053515625
5 0.4546875 0.315625 0.025 0.087109375
5 0.31015625 0.30859375 0.0265625 0.060546875
3 0.3765625 0.14765625 0.0375 0.06875
5 0.296875 0.35859375 0.02578125 0.123046875
5 0.46328125 0.34296875 0.0234375 0.0625
5 0.4171875 0.28203125 0.022265625 0.079296875