3 0.13046875 0.83046875 0.19375 0.3390625
3 0.221875 0.62890625 0.11328125 0.2234375
3 0.396875 0.67421875 0.13515625 0.28515625
3 0.25234375 0.48671875 0.08203125 0.16328125
3 0.3578125 0.52890625 0.08828125 0.2046875
3 0.2421875 0.37109375 0.078125 0.12890625
3 0.26484375 0.31640625 0.05703125 0.10234375
3 0.38359375 0.421875 0.07421875 0.1375
3 0.27109375 0.2671875 0.053125 0.0828125
3 0.3546875 0.95234375 0.228125 0.0953125
5 0.11875 0.6078125 0.04921875 0.1578125
5 0.5078125 0.73984375 0.05859375 0.19921875
5 0.1390625 0.52890625 0.04296875 0.13828125
3 0.34375 0.33359375 0.0578125 0.1578125
5 0.4921875 0.9203125 0.05078125 0.15390625
5 0.42578125 0.2828125 0.028125 0.084375
5 0.78203125 0.94140625 0.0828125 0.11640625
5 0.7125 0.8921875 0.06796875 0.21171875
5 0.19296875 0.41953125 0.03125 0.078125
5 0.17109375 0.46484375 0.03046875 0.10859375
5 0.409375 0.34921875 0.028125 0.0765625
5 0.503125 0.609375 0.04140625 0.1203125
5 0.31328125 0.45234375 0.03203125 0.146875
3 0.28515625 0.17421875 0.034375 0.05703125
5 0.45234375 0.38984375 0.03671875 0.096875
5 0.4609375 0.540625 0.0390625 0.09296875
3 0.34921875 0.29921875 0.0546875 0.09140625
5 0.603125 0.7828125 0.0578125 0.20859375
5 0.45546875 0.321875 0.0265625 0.07578125
3 0.33046875 0.2609375 0.04921875 0.07890625
3 0.33515625 0.20078125 0.03828125 0.05546875
5 0.43125 0.4890625 0.0359375 0.11953125
5 0.4828125 0.4390625 0.028125 0.09140625
5 0.55234375 0.9171875 0.04765625 0.165625
5 0.634375 0.89140625 0.0734375 0.2171875
5 0.67421875 0.8 0.0515625 0.2421875
5 0.56875 0.715625 0.05 0.2171875
5 0.5859375 0.546875 0.05390625 0.17265625
5 0.54375 0.61640625 0.05625 0.14765625
5 0.51484375 0.55703125 0.03671875 0.1125