3 0.7778450359375 0.628246753125 0.766343825 0.6582792203125 0.7542372875 0.7686688312500001 0.7493946734375 0.7735389609375 0.7506053265625 0.83685065 0.7445520578125 0.8384740265625 0.742736078125 0.8230519484375 0.7384987890625 0.8482142859374999 0.7384987890625 0.8612012984374999 0.748789346875 0.8652597406250001 0.75181598125 0.8758116890625001 0.7627118640624999 0.9926948046874999 0.7899515734375 1 0.92130750625 0.9991883109374999 0.9249394671875001 0.98133116875 0.9152542374999999 0.7767857140625 0.8801452781249999 0.6534090906250001 0.8722760296875001 0.6428571421875 0.85290556875 0.6363636359375 0.7778450359375 0.628246753125
3 0.8323244546874999 0.5649350656250001 0.8365617437499999 0.552759740625 0.8292978203124999 0.48133116875 0.8184019375 0.43912337656249995 0.8020581109375 0.425324675 0.76815980625 0.42045454531250004 0.7542372875 0.43587662343750005 0.7421307500000001 0.47321428593750003 0.7421307500000001 0.5267857140625 0.7578692499999999 0.5316558437500001 0.7748184015625 0.5868506499999999 0.7881355937500001 0.5478896109375 0.8075060531249999 0.5284090906250001 0.8117433406250001 0.5048701296875 0.8232445515625001 0.5105519484375 0.8232445515625001 0.5316558437500001 0.8323244546874999 0.5649350656250001
3 0.7360774812499999 0.36607142812500004 0.7312348671875 0.44886363593749995 0.7433414046875 0.46672077968750003 0.760895884375 0.422077921875 0.8026634375 0.421266234375 0.8002421312499999 0.39691558437499996 0.7911622281249999 0.3733766234375 0.75 0.353896103125 0.7360774812499999 0.36607142812500004
3 0.5187651328125 0.8717532468750001 0.5054479421875 0.8717532468750001 0.489104115625 0.8904220781250001 0.45157385000000005 0.9959415578125 0.644067796875 0.9991883109374999 0.6464891046875 0.9845779218749999 0.6392251812499999 0.9699675328125 0.6319612593749999 0.9147727265625001 0.6216707015625 0.8977272734374999 0.5708232453125001 0.8798701296875 0.5187651328125 0.8717532468750001
3 0.6840193703125 0.8498376625 0.674334140625 0.8417207796874999 0.6767554484375 0.8125 0.6840193703125 0.796266234375 0.6828087171874999 0.7735389609375 0.6658595640625 0.7670454546875 0.66343825625 0.6923701296875 0.6513317187500001 0.6355519484375 0.642251815625 0.6266233765625 0.6144067796875 0.6168831171875 0.57445520625 0.6136363640625 0.5593220343749999 0.6290584421875 0.5302663437499999 0.7589285718750001 0.523002421875 0.7735389609375 0.5157384984375 0.8660714281249999 0.5199757875000001 0.8717532468750001 0.58656174375 0.8831168828125 0.62288135625 0.8977272734374999 0.6307506046875 0.91314935 0.6404358359375 0.9699675328125 0.6513317187500001 0.98133116875 0.6573849875 0.9650974031249999 0.6622276031250001 0.86931818125 0.672518159375 0.8636363640625 0.6749394671875 0.8522727265625001 0.6809927359375 0.85551948125 0.6840193703125 0.8498376625
3 0.5914043578125 0.46753246718749997 0.5714285718750001 0.5543831171875 0.5611380140625 0.5422077921875 0.55447941875 0.5478896109375 0.5550847453125 0.5551948046875 0.5677966109375 0.5641233765625 0.565375303125 0.6160714281249999 0.6144067796875 0.615259740625 0.6598062953125 0.6371753250000001 0.6622276031250001 0.5900974031249999 0.67554479375 0.5673701296875 0.6646489109375 0.5608766234375 0.6573849875 0.47970779218750004 0.6131961265625 0.465909090625 0.5914043578125 0.46753246718749997
3 0.601694915625 0.40827922031249997 0.5992736078124999 0.45860389687499997 0.6567796609375 0.47727272656249997 0.66343825625 0.5137987015625 0.6719128328124999 0.5186688312500001 0.6791767546874999 0.5073051953125 0.680387409375 0.421266234375 0.6707021796875 0.3709415578125 0.6628329296875 0.358766234375 0.6204600484375 0.35064934999999997 0.601694915625 0.40827922031249997
3 0.619854721875 0.3011363640625 0.6174334140625 0.34983766250000004 0.666464890625 0.3603896109375 0.6767554484375 0.39529220781249996 0.680387409375 0.38879870156249996 0.6828087171874999 0.302759740625 0.6767554484375 0.26866883124999996 0.6616222765625001 0.25649350625 0.6337772390625 0.25649350625 0.619854721875 0.3011363640625
3 0.6900726390624999 0.21834415625 0.6900726390624999 0.2329545453125 0.6828087171874999 0.2508116890625 0.6858353515625 0.28409090937500003 0.696731234375 0.28246753281250003 0.70157385 0.29058441562500004 0.7136803875 0.28733766250000004 0.724576271875 0.30032467500000004 0.74394673125 0.29383116875000004 0.7566585953125 0.3011363640625 0.7639225187500001 0.291396103125 0.7675544796875 0.252435065625 0.76029055625 0.2459415578125 0.75 0.21915584375 0.720944309375 0.2126623375 0.6900726390624999 0.21834415625
3 0.3468523 1 0.349878934375 0.987824675 0.3462469734375 0.9472402593749999 0.3401937046875 0.9472402593749999 0.33656174375000003 0.8952922078125001 0.3299031484375 0.89935065 0.3280871671875 0.8920454546875 0.3347457625 0.8912337656249999 0.337772396875 0.88068181875 0.31658595625 0.8863636359375 0.24878934687499998 0.8636363640625 0.21489104062500003 0.8636363640625 0.19249394687500002 0.8952922078125001 0.1525423734375 0.9748376625 0.14527845 0.9975649343749999 0.15738498750000002 1 0.3468523 1
3 0.4140435828125 0.7865259734375 0.4128329296875 0.7021103890625 0.42251815937500004 0.6956168828125 0.43341404375000003 0.6663961031250001 0.43341404375000003 0.6079545453125 0.42130750624999996 0.5495129875 0.4098062953125 0.5324675328125 0.3383777234375 0.51948051875 0.3190072640625 0.5340909093749999 0.3038740921875 0.55600649375 0.27602905624999996 0.6128246749999999 0.259079903125 0.6745129875 0.23123486718750003 0.7443181812499999 0.22397094375 0.79301948125 0.22397094375 0.8417207796874999 0.230629540625 0.8571428578125 0.2354721546875 0.84415584375 0.251210653125 0.8360389609375 0.273002421875 0.8116883109374999 0.283292978125 0.796266234375 0.28571428593750003 0.7589285718750001 0.29963680312499996 0.7516233765625 0.3099273609375 0.7670454546875 0.3208232453125 0.8709415578125 0.3299031484375 0.8766233765625 0.3444309921875 0.8668831171875 0.35411622343750004 0.8701298703125 0.3631961265625 0.8920454546875 0.36077481875 0.8985389609375 0.3662227609375 0.9074675328125 0.3716707015625 0.90665584375 0.37893462499999997 0.8985389609375 0.3910411625 0.8287337656249999 0.398305084375 0.8157467531249999 0.39588377656249996 0.8011363640625 0.4085956421875 0.76948051875 0.4140435828125 0.7865259734375
3 0.42433414062499997 0.40097402656250003 0.3783292984375 0.39935065000000003 0.343825665625 0.44886363593749995 0.32687651406249996 0.5089285718750001 0.3280871671875 0.5219155843750001 0.369854721875 0.5227272734375 0.4170702171875 0.5373376624999999 0.43341404375000003 0.5868506499999999 0.4418886203125 0.5900974031249999 0.44673123437499995 0.5836038968749999 0.450363196875 0.5413961031250001 0.450363196875 0.46834415625 0.4430992734375 0.41152597343749997 0.4388619859375 0.40422077968750003 0.42433414062499997 0.40097402656250003
3 0.51815980625 0.38717532499999996 0.5145278453125 0.3303571421875 0.5042372875 0.31818181874999996 0.478813559375 0.3116883109375 0.4558111375 0.31818181874999996 0.4430992734375 0.33522727343750003 0.42615012031250005 0.38068181874999996 0.427360775 0.39853896093749996 0.4388619859375 0.40422077968750003 0.44430992812500003 0.41477272656249997 0.450363196875 0.471590909375 0.4636803875 0.478084415625 0.47215496406249996 0.47321428593750003 0.47699757812500004 0.4504870125 0.492736078125 0.4375 0.504842615625 0.41477272656249997 0.50605326875 0.39853896093749996 0.51815980625 0.38717532499999996
2 0.49296875 0.26328125 0.09453125 0.190625
5 0.09921875 0.86953125 0.121875 0.2609375
5 0.13984375 0.778125 0.0890625 0.2390625
5 0.196875 0.703125 0.08125 0.234375
5 0.240625 0.6203125 0.07734375 0.2140625
5 0.29375 0.83125 0.09140625 0.17734375
5 0.42890625 0.8734375 0.07734375 0.253125
5 0.4421875 0.73828125 0.06796875 0.19453125
5 0.490625 0.671875 0.05078125 0.25390625
5 0.4875 0.54140625 0.06484375 0.1796875
5 0.515625 0.4890625 0.0625 0.19609375
5 0.56015625 0.4171875 0.0359375 0.16640625
5 0.72265625 0.89453125 0.059375 0.21015625
5 0.71796875 0.8046875 0.05625 0.17421875
5 0.7171875 0.71640625 0.0546875 0.1578125
5 0.7078125 0.57890625 0.03828125 0.17890625
5 0.74453125 0.60078125 0.03828125 0.1359375
1 0.81190843125 0.4265053140625 0.8295179390625 0.494391971875 0.830618534375 0.5637544265625001 0.7678846578125 0.5844155843750001 0.771186440625 0.6286894921874999 0.8735417125 0.6419716640625001 0.9164648906249999 0.7836481703125 0.9219678625000001 0.9976387250000001 0.9979088703125001 0.98878394375 0.9968082765625 0.695100353125 0.9736957953125 0.6493506499999999 0.9252696453125001 0.74822904375 0.9186660796874999 0.5475206609375001 0.8900506265624999 0.5253837078125 0.8625357687499999 0.4663518296875 0.8262161562499999 0.326151121875 0.8350209109375 0.27302243125 0.803103675 0.1977567890625 0.7744882234375 0.24350649375 0.76568346875 0.2936835890625 0.70294959375 0.3010625734375 0.69304424375 0.45602125156250006 0.72936385625 0.45602125156250006 0.7326656390624999 0.36157024843749996 0.7909971375 0.3645218421875 0.81190843125 0.4265053140625