3 0.42109375 0.76328125 0.1859375 0.35
3 0.37890625 0.940625 0.207421875 0.11875
5 0.72578125 0.29140625 0.036328125 0.128125
3 0.8890625 0.87578125 0.219140625 0.239453125
5 0.07890625 0.8515625 0.060546875 0.168359375
5 0.27109375 0.621875 0.061328125 0.221484375
5 0.90234375 0.6796875 0.039453125 0.15
5 0.5921875 0.3203125 0.03984375 0.12890625
5 0.740625 0.203125 0.021875 0.077734375
5 0.8515625 0.65234375 0.046875 0.208203125
5 0.13671875 0.8078125 0.05625 0.24765625
5 0.7890625 0.59609375 0.049609375 0.19375
5 0.7328125 0.95703125 0.05625 0.0859375
5 0.65703125 0.28515625 0.032421875 0.1125
5 0.2015625 0.6890625 0.04609375 0.196875
5 0.79765625 0.74921875 0.0453125 0.114453125
5 0.78828125 0.79453125 0.0546875 0.209375
6 0.6484375 0.70859375 0.171875 0.579296875
3 0.83359375 0.9328125 0.08125 0.134375