3 0.33125 0.8234375 0.184765625 0.34765625
3 0.1515625 0.76875 0.150390625 0.33046875
3 0.2109375 0.57578125 0.12109375 0.230078125
3 0.44921875 0.65625 0.15 0.302734375
3 0.5421875 0.4828125 0.115625 0.20625
3 0.37109375 0.490625 0.092578125 0.200390625
3 0.23671875 0.44140625 0.0921875 0.1546875
5 0.48828125 0.925 0.073828125 0.149609375
3 0.378125 0.36484375 0.075390625 0.120703125
3 0.2734375 0.3078125 0.056640625 0.1
3 0.28515625 0.38359375 0.063671875 0.1390625
5 0.52265625 0.8828125 0.061328125 0.221875
3 0.3515625 0.27421875 0.05625 0.119921875
5 0.4296875 0.446875 0.037109375 0.10703125
3 0.28203125 0.26328125 0.05 0.0578125
3 0.27265625 0.22578125 0.0453125 0.080078125
3 0.42109375 0.27421875 0.0515625 0.104296875
3 0.3375 0.19453125 0.041015625 0.080078125
3 0.39765625 0.228125 0.0390625 0.075390625
5 0.31875 0.5875 0.062890625 0.131640625
3 0.38671875 0.16796875 0.0390625 0.073828125
5 0.63046875 0.77109375 0.055078125 0.1875
3 0.32734375 0.1609375 0.035546875 0.047265625
5 0.46015625 0.40703125 0.036328125 0.117578125
3 0.34375 0.12734375 0.025 0.0453125
3 0.2859375 0.18125 0.033984375 0.03671875
5 0.2890625 0.5375 0.037890625 0.14921875
3 0.34921875 0.33671875 0.057421875 0.1015625
5 0.02890625 0.96640625 0.0578125 0.066796875
3 0.3328125 0.17421875 0.03984375 0.053125
5 0.76875 0.94140625 0.059765625 0.1171875
5 0.70703125 0.9125 0.0484375 0.175
5 0.68203125 0.834375 0.0484375 0.183984375
5 0.625 0.9265625 0.0625 0.146484375
5 0.5703125 0.7984375 0.059375 0.21875
5 0.540625 0.7234375 0.05078125 0.191015625