3 0.41796875 0.79375 0.18515625 0.4125
3 0.0796875 0.7921875 0.15859375 0.40546875
3 0.16796875 0.53671875 0.14375 0.23046875
3 0.65 0.62421875 0.134375 0.31640625
3 0.18359375 0.3734375 0.11796875 0.1984375
3 0.553125 0.3375 0.08828125 0.2109375
3 0.3828125 0.29609375 0.0734375 0.1375
3 0.28671875 0.21796875 0.06015625 0.11796875
3 0.26640625 0.27578125 0.071875 0.13671875
3 0.3890625 0.22734375 0.0671875 0.1046875
3 0.3984375 0.48984375 0.12109375 0.225
3 0.409375 0.946875 0.20390625 0.10625
3 0.47109375 0.1875 0.05625 0.0921875
5 0.63203125 0.40078125 0.04375 0.13046875
5 0.76640625 0.628125 0.0578125 0.165625
5 0.6859375 0.35234375 0.034375 0.12578125
5 0.18671875 0.92421875 0.06875 0.14609375
5 0.5578125 0.76484375 0.0546875 0.2453125
5 0.26796875 0.39921875 0.0359375 0.14375
3 0.51171875 0.23515625 0.0640625 0.12578125
5 0.475 0.1125 0.0234375 0.06953125
5 0.771875 0.72265625 0.05546875 0.1875
3 0.35 0.0375 0.04375 0.075
5 0.48203125 0.4609375 0.046875 0.171875
5 0.68203125 0.45703125 0.05078125 0.1140625
5 0.48984375 0.50546875 0.040625 0.13828125
5 0.2859375 0.4859375 0.04296875 0.16875
5 0.83359375 0.85625 0.07578125 0.27421875
5 0.52109375 0.171875 0.01953125 0.06484375
5 0.71796875 0.55546875 0.04453125 0.17109375
5 0.56015625 0.5125 0.03671875 0.1375
5 0.8453125 0.92578125 0.075 0.1484375
5 0.31484375 0.409375 0.03671875 0.134375
5 0.45859375 0.309375 0.03359375 0.12109375
5 0.4375 0.06015625 0.02109375 0.05
5 0.21640625 0.85234375 0.059375 0.2765625
5 0.6109375 0.321875 0.03515625 0.1015625
5 0.6328125 0.3125 0.025 0.11328125
5 0.55078125 0.2078125 0.0171875 0.065625
3 0.32109375 0.1015625 0.04140625 0.0765625
5 0.2421875 0.72890625 0.059375 0.21015625
5 0.590625 0.83046875 0.078125 0.221875
5 0.54609375 0.19921875 0.0171875 0.06328125
5 0.48046875 0.30078125 0.0296875 0.12890625
5 0.5484375 0.4578125 0.03828125 0.1578125
5 0.32890625 0.2515625 0.025 0.08046875
5 0.265625 0.63359375 0.06015625 0.18125
5 0.45625 0.05234375 0.0171875 0.05
5 0.35234375 0.15625 0.02421875 0.065625
5 0.7328125 0.83125 0.06484375 0.2203125
5 0.446875 0.05859375 0.0203125 0.053125
5 0.33515625 0.20703125 0.02421875 0.0671875
5 0.31796875 0.3390625 0.03125 0.09609375
3 0.33046875 0.06875 0.03515625 0.03125
5 0.33828125 0.14453125 0.0265625 0.0765625
5 0.38359375 0.1109375 0.03125 0.090625
5 0.71171875 0.9421875 0.07890625 0.115625
5 0.47421875 0.26796875 0.025 0.06953125