5 0.5204426062499999 0.4734000046875 0.5223810078125 0.49650417812500003 0.511827490625 0.500836209375 0.5060122875 0.526539603125 0.512258246875 0.5378028875 0.4976125515625 0.566683103125 0.5006278390625 0.6039385796875 0.50644304375 0.613469053125 0.5040738874999999 0.6328187953125 0.511396734375 0.64437088125 0.5345807359375 0.6671875 0.5349270171875 0.6671875 0.5469340859375 0.6033609765625 0.546072571875 0.596429725 0.5501647546874999 0.563506278125 0.5441341734375 0.55224299375 0.55404155625 0.5464669515625 0.5490878640625 0.534914865625 0.5578125 0.52728511875 0.5578125 0.526307440625 0.5469340859375 0.5268284046875 0.5396112375000001 0.504879440625 0.5322883890625 0.498236990625 0.537672834375 0.48293047656250004 0.5322883890625 0.4635807328125 0.5204426062499999 0.4734000046875
3 0.3416626296875 0.9206201984375 0.324921634375 0.92970635625 0.3241244421875 0.9446717921875001 0.3464457734375 0.962844109375 0.338248290625 0.9984375 0.5265625 0.9984375 0.5265625 0.9834879687500001 0.51186276875 0.8383102953125 0.4751920140625 0.75493143125 0.3843123140625 0.752259034375 0.35641065156249996 0.8169310984375 0.3416626296875 0.9206201984375
6 0.302659759375 1 0.31073449375 0.816347025 0.30534769375000004 0.6003730625 0.1658295640625 0.6054293093750001 0.13620216406250002 0.7072765609375 0.140511603125 0.8141800609375001 0.1335087625 0.9998165453125001 0.233998609375 1 0.302659759375 1
5 0.15246960781250002 0.6296875 0.1921875 0.600255403125 0.1921875 0.59839244375 0.18054602343749998 0.5780313625 0.18216206562499998 0.5505831671875 0.1681563828125 0.552027809375 0.1670790234375 0.5852545734375 0.15211418593749998 0.6296875 0.15246960781250002 0.6296875
5 0.44199494687499996 0.334058415625 0.4328125 0.35211722968750003 0.4328125 0.3533064640625 0.4360845359375 0.37285079374999996 0.436706684375 0.42040274218749996 0.445618409375 0.4359375 0.457466528125 0.4359375 0.4625 0.401479890625 0.4625 0.39183045 0.45941510625 0.36701108125 0.45941510625 0.3415666171875 0.451327175 0.3348926609375 0.4510161015625 0.31695639999999997 0.44168387343750004 0.3190420125 0.44199494687499996 0.334058415625
5 0.3670442375 0.2672524609375 0.3741493296875 0.2764133109375 0.379068240625 0.2591909140625 0.376062240625 0.232074803125 0.3796875 0.22599836875 0.3796875 0.22391855 0.3741493296875 0.21778387656249998 0.371689875 0.205325121875 0.3664976921875 0.2181503125 0.36185205468750004 0.2284104609375 0.36513132812500004 0.2390370484375 0.3670442375 0.2672524609375
5 0.34836443125 0.215625 0.3515625 0.1958987375 0.3515625 0.17056636249999999 0.346407684375 0.1579988375 0.3403956828125 0.17448836406249998 0.341762046875 0.190245025 0.3428551390625 0.2129639328125 0.3478164546875 0.215625 0.34836443125 0.215625
5 0.3385507046875 0.1640625 0.339723128125 0.1640625 0.3421875 0.1587753015625 0.3421875 0.1420339703125 0.34133779531249997 0.1304774328125 0.33969815937500003 0.1224158859375 0.33723870312500004 0.1304774328125 0.3345059765625 0.1330424703125 0.3328663390625 0.15246347031250002 0.3385507046875 0.1640625
5 0.37568187656249996 0.2109375 0.3803541734375 0.1897056875 0.38125 0.191907928125 0.38125 0.18881188437500002 0.377621446875 0.164788178125 0.3716094453125 0.157825934375 0.3688767171875 0.1702846875 0.3696965375 0.20033227031249998 0.3748868078125 0.2109375 0.37568187656249996 0.2109375
5 0.3817658484375 0.19375 0.3820964015625 0.19375 0.3859375 0.16133174374999998 0.3859375 0.1555649328125 0.383241175 0.15164811250000002 0.37941535625 0.14322013125 0.375862809375 0.15311384687500001 0.3723102640625 0.16007609218750002 0.3805084484375 0.1721684140625 0.3817658484375 0.19375
5 0.3609375 0.1528271453125 0.3609375 0.133080534375 0.3583655984375 0.125105446875 0.35590614375 0.1353655984375 0.35590614375 0.157351634375 0.358518503125 0.1703125 0.3587147859375 0.1703125 0.3609375 0.1528271453125
3 0.3234375 0.1324844859375 0.3234375 0.1198392578125 0.3199023546875 0.10858102343750001 0.30131980468749997 0.10931389218750001 0.29667416874999997 0.1287348921875 0.297705925 0.1515625 0.3218368875 0.1515625 0.3234375 0.1324844859375
5 0.348943190625 0.103125 0.3489157359375 0.103125 0.345644071875 0.12359768125 0.3509026859375 0.1359375 0.3511793796875 0.1359375 0.353125 0.12241866562499999 0.353125 0.113159340625 0.348943190625 0.103125
5 0.7361342296875 0.570344934375 0.7255848859375 0.5844906453125 0.7164421203125 0.640130440625 0.7094092234375 0.683510621875 0.726288175 0.7165172796875 0.776175625 0.76875 0.7777513093749999 0.76875 0.7828125 0.7061625015625 0.7828125 0.6601229531249999 0.7705954171875 0.642016534375 0.7797381828125001 0.5986363546875 0.75371646875 0.5778893125 0.7523098890625 0.54676875 0.7361342296875 0.5495978906250001 0.7361342296875 0.570344934375