3 0.08359375 0.8078125 0.1671875 0.38125
3 0.3859375 0.79140625 0.1984375 0.4171875
3 0.1765625 0.57109375 0.146875 0.296875
3 0.3703125 0.53203125 0.14375 0.29453125
3 0.2078125 0.3734375 0.115625 0.21796875
3 0.50859375 0.26484375 0.0765625 0.15234375
3 0.3671875 0.29765625 0.0859375 0.15546875
5 0.5890625 0.4640625 0.05234375 0.1875
5 0.215625 0.87734375 0.06328125 0.2453125
5 0.68515625 0.79453125 0.0875 0.33828125
5 0.16953125 0.94296875 0.075 0.11328125
3 0.26484375 0.21015625 0.06171875 0.10078125
3 0.2421875 0.2796875 0.0921875 0.17265625
5 0.4 0.09609375 0.0265625 0.07578125
3 0.29609375 0.14609375 0.05546875 0.109375
3 0.44609375 0.04296875 0.03828125 0.059375
5 0.86171875 0.90703125 0.0921875 0.1859375