3 0.40625 0.8625 0.1921875 0.27421875
3 0.1 0.903125 0.2 0.18984375
3 0.18984375 0.54765625 0.14609375 0.35234375
5 0.58515625 0.43828125 0.05859375 0.1796875
5 0.528125 0.84921875 0.0703125 0.3015625
6 0.35703125 0.54921875 0.16640625 0.53046875
5 0.615625 0.64609375 0.06875 0.25703125
5 0.69375 0.63046875 0.05859375 0.21953125
3 0.38125 0.1671875 0.06171875 0.12265625
5 0.709375 0.8828125 0.06015625 0.23359375
5 0.415625 0.11640625 0.0203125 0.05390625
5 0.45703125 0.08671875 0.021875 0.0515625
5 0.803125 0.7640625 0.053125 0.23046875
5 0.63359375 0.27109375 0.04609375 0.1125
5 0.56875 0.34609375 0.05078125 0.1734375
5 0.75234375 0.7125 0.04609375 0.18671875
5 0.8296875 0.88203125 0.07109375 0.23515625
5 0.609375 0.8546875 0.07890625 0.290625
5 0.74296875 0.5890625 0.06484375 0.20078125