3 0.43125 0.8859375 0.20703125 0.221875
3 0.428125 0.47265625 0.118359375 0.24375
6 0.578125 0.55078125 0.152734375 0.4046875
5 0.5578125 0.8203125 0.07734375 0.225390625
3 0.53125 0.27421875 0.056640625 0.11875
3 0.51484375 0.19296875 0.038671875 0.0875
3 0.4515625 0.3453125 0.074609375 0.1125
3 0.559375 0.315625 0.06328125 0.08828125
5 0.68203125 0.58125 0.046875 0.16796875
3 0.5234375 0.13828125 0.049609375 0.078125
5 0.4015625 0.69375 0.053125 0.16953125
5 0.41328125 0.17578125 0.016796875 0.0671875
6 0.4484375 0.1640625 0.068359375 0.11640625
3 0.55 0.2234375 0.046484375 0.08359375
5 0.41171875 0.2578125 0.020703125 0.109765625
6 0.015403667187500001 0.9984375 0.0184759265625 0.9984375 0.252199984375 0.9976359562500001 0.2655171765625 0.9749086859375 0.28246632968749996 0.893739853125 0.29578351875000003 0.8547788140625 0.3157593078125 0.8150060890624999 0.32786584375 0.8166294640625 0.33694574843749997 0.8077008921875001 0.3526842453125 0.7525060890625 0.358737515625 0.6810775171875 0.3575268609375 0.590168425 0.3708440515625 0.5219866078125001 0.3890625 0.22578153906249998 0.3890625 0.20509486875 0.381134609375 0.191629465625 0.2140643921875 0.1721489453125 0.0772605171875 0.2711749203125 0.000384003125 0.33866183906249997 0.000384003125 0.9970948328125001 0.015403667187500001 0.9984375
6 0.27060003125 0.08289366875000001 0.28754918281249997 0.08289366875000001 0.29299712499999997 0.091822240625 0.28754918281249997 0.1039975640625 0.267573396875 0.10805600625 0.26817872343750004 0.173802759375 0.3856121375 0.18841315 0.3941876015625 0.1953125 0.39489381562500003 0.1953125 0.39953465625 0.18597808437500002 0.4043772703125 0.1275365265625 0.402561290625 0.048802759375 0.3275007578125 0.0390625 0.267573396875 0.07721185 0.27060003125 0.08289366875000001
3 0.4484375 0.26875 0.080859375 0.169140625
3 0.46640625 0.1046875 0.040625 0.065625
3 0.47734375 0.04609375 0.034375 0.082421875
3 0.41328125 0.1015625 0.034375 0.065234375
3 0.41640625 0.06875 0.03125 0.03828125
3 0.42421875 0.05390625 0.026953125 0.0296875