3 0.4640625 0.8734375 0.2109375 0.253125
3 0.21328125 0.8671875 0.19140625 0.26171875
3 0.40390625 0.61875 0.13125 0.26796875
3 0.25546875 0.634375 0.11796875 0.2390625
3 0.3625 0.440625 0.11328125 0.25078125
3 0.21953125 0.515625 0.0890625 0.17265625
5 0.0390625 0.88984375 0.065625 0.2203125
3 0.240625 0.32421875 0.06171875 0.08828125
5 0.45390625 0.34921875 0.03046875 0.1234375
5 0.396875 0.3015625 0.03203125 0.13359375
3 0.240625 0.41875 0.075 0.12578125
3 0.33359375 0.12421875 0.0203125 0.04453125