3 0.340625 0.78203125 0.206640625 0.4234375
3 0.096875 0.85390625 0.19375 0.2921875
3 0.17109375 0.5609375 0.1921875 0.434375
5 0.5953125 0.7375 0.078125 0.26796875
3 0.446875 0.30859375 0.08046875 0.1640625
5 0.54140625 0.34609375 0.041796875 0.145703125
3 0.39765625 0.51484375 0.146875 0.373046875
5 0.5984375 0.25234375 0.028515625 0.10625
3 0.421875 0.3875 0.10546875 0.165234375
5 0.87109375 0.87734375 0.103125 0.2453125
3 0.2828125 0.375 0.156640625 0.321875
6 0.35 0.2453125 0.131640625 0.256640625