3 0.38203125 0.85078125 0.201171875 0.2984375
3 0.16328125 0.85078125 0.171875 0.298046875
3 0.15625 0.62421875 0.13671875 0.223046875
3 0.3609375 0.61171875 0.128125 0.24375
3 0.20234375 0.52578125 0.0984375 0.1640625
3 0.23203125 0.42734375 0.078125 0.14375
3 0.25078125 0.359375 0.0640625 0.116015625
3 0.33046875 0.40390625 0.0828125 0.134375
3 0.36328125 0.3421875 0.060546875 0.1
5 0.01875 0.8984375 0.0375 0.183984375
3 0.340625 0.49765625 0.09453125 0.173046875
5 0.59609375 0.93359375 0.0734375 0.1328125
3 0.353125 0.28359375 0.055859375 0.0640625
3 0.34765625 0.240625 0.040625 0.084765625
5 0.51640625 0.82265625 0.0546875 0.244921875
3 0.33359375 0.18515625 0.032421875 0.0546875
5 0.25 0.75078125 0.050390625 0.213671875
5 0.4265625 0.52734375 0.04140625 0.1125
5 0.7109375 0.80859375 0.05390625 0.216796875
3 0.33203125 0.14765625 0.035546875 0.0578125
5 0.40625 0.28359375 0.025390625 0.06875
5 0.56171875 0.78203125 0.048046875 0.2609375
5 0.47890625 0.54765625 0.038671875 0.135546875
5 0.45390625 0.40703125 0.0328125 0.115625
6 0.27265625 0.28359375 0.069921875 0.121875
3 0.28515625 0.20859375 0.048046875 0.0640625
5 0.90546875 0.98046875 0.060546875 0.0390625
5 0.40859375 0.415625 0.0359375 0.1125
5 0.540625 0.896875 0.071484375 0.2
5 0.4734375 0.6140625 0.04765625 0.147265625
5 0.4375 0.30546875 0.022265625 0.067578125
5 0.653125 0.88984375 0.059375 0.214453125
3 0.60234375 0.5609375 0.204296875 0.26640625
5 0.57890625 0.6046875 0.03125 0.159375
5 0.61328125 0.70390625 0.0546875 0.25
5 0.5328125 0.6453125 0.037109375 0.13984375
5 0.80703125 0.9703125 0.054296875 0.058984375
5 0.7515625 0.884375 0.059375 0.23125
5 0.71015625 0.94765625 0.051953125 0.1046875