3 0.2 0.63984375 0.169140625 0.364453125
3 0.4140625 0.70234375 0.166015625 0.3828125
3 0.590625 0.5515625 0.119140625 0.27265625
3 0.26171875 0.43125 0.113671875 0.17578125
6 0.31171875 0.2765625 0.155078125 0.259375
3 0.55390625 0.33515625 0.070703125 0.1640625
6 0.44609375 0.24765625 0.113671875 0.196875
6 0.5703125 0.22734375 0.072265625 0.120703125
5 0.875 0.6859375 0.059375 0.2
3 0.78125 0.7984375 0.2 0.402734375
5 0.3234375 0.90859375 0.08359375 0.178125
3 0.4328125 0.47421875 0.134375 0.282421875
5 0.8328125 0.45546875 0.049609375 0.140625
5 0.625 0.8875 0.065625 0.21796875
5 0.64609375 0.41875 0.0359375 0.099609375
5 0.440625 0.9328125 0.075 0.134375
5 0.959375 0.9046875 0.046484375 0.184765625
5 0.09140625 0.86796875 0.1296875 0.2640625
5 0.50625 0.8703125 0.065625 0.252734375
5 0.66875 0.46484375 0.034765625 0.114453125
5 0.5578125 0.39296875 0.031640625 0.092578125
5 0.7234375 0.54140625 0.037109375 0.105078125
5 0.71328125 0.60078125 0.04375 0.154296875
5 0.9140625 0.8328125 0.05625 0.22890625
5 0.60546875 0.34140625 0.0375 0.0890625
5 0.6734375 0.9453125 0.07109375 0.109375
5 0.75234375 0.56484375 0.0296875 0.09375
6 0.4859375 0.0875 0.062890625 0.062890625
5 0.59453125 0.38203125 0.035546875 0.103125
5 0.5859375 0.79140625 0.071875 0.2625
5 0.54921875 0.91875 0.059375 0.162109375
5 0.7609375 0.38515625 0.04140625 0.1390625
5 0.80390625 0.39609375 0.0359375 0.139453125
5 0.88671875 0.3640625 0.0546875 0.119140625
5 0.92109375 0.44140625 0.051171875 0.1359375
3 0.50859375 0.21875 0.0421875 0.102734375
3 0.5390625 0.14921875 0.03515625 0.0578125
3 0.425 0.1296875 0.04921875 0.074609375
3 0.4125 0.0953125 0.03125 0.056640625