3 0.69609375 0.75234375 0.1703125 0.43125
3 0.5859375 0.54375 0.11171875 0.2578125
3 0.4484375 0.46484375 0.125 0.26796875
3 0.28671875 0.45390625 0.10625 0.1984375
3 0.57109375 0.3953125 0.08125 0.17578125
3 0.31328125 0.3359375 0.08984375 0.140625
3 0.3390625 0.278125 0.07890625 0.14296875
5 0.30625 0.76875 0.05703125 0.20859375
5 0.46640625 0.87890625 0.0734375 0.2390625
3 0.55078125 0.315625 0.06953125 0.1203125
3 0.38125 0.1875 0.05390625 0.09921875
3 0.540625 0.25859375 0.0609375 0.09453125
5 0.1546875 0.65546875 0.05390625 0.159375
3 0.81328125 0.55703125 0.1609375 0.20625
3 0.540625 0.215625 0.05859375 0.0875
5 0.35 0.6234375 0.0453125 0.18203125
3 0.43671875 0.23515625 0.059375 0.09609375
5 0.40546875 0.74140625 0.06015625 0.22109375
3 0.45234375 0.171875 0.04453125 0.0921875
5 0.80390625 0.95625 0.07265625 0.0875
5 0.89609375 0.88125 0.0671875 0.234375
5 0.91875 0.525 0.03671875 0.16328125
5 0.484375 0.73828125 0.05859375 0.14765625
3 0.446875 0.3046875 0.1 0.13359375
6 0.52109375 0.1109375 0.05703125 0.10390625
5 0.66875 0.3890625 0.03671875 0.14296875
5 0.36171875 0.87890625 0.07109375 0.2421875
5 0.43203125 0.9421875 0.0703125 0.115625
5 0.28359375 0.5765625 0.0515625 0.13671875
5 0.2515625 0.87109375 0.06171875 0.25234375
3 0.53046875 0.1671875 0.0453125 0.05703125
5 0.68359375 0.50234375 0.046875 0.0859375
3 0.4546875 0.12109375 0.04609375 0.06796875
3 0.35703125 0.21953125 0.0671875 0.0828125
5 0.2375 0.709375 0.06328125 0.1890625
3 0.96640625 0.94140625 0.0609375 0.11484375
5 0.8328125 0.896875 0.0640625 0.20546875
5 0.86796875 0.4828125 0.03828125 0.1296875
5 0.3734375 0.434375 0.03203125 0.1
5 0.3578125 0.475 0.03671875 0.16640625
1 0.0953125 0.7734375 0.18671875 0.45234375
5 0.1203125 0.90078125 0.08359375 0.19375
5 0.028125 0.87578125 0.05546875 0.2421875
5 0.25703125 0.809375 0.040625 0.12890625
3 0.39296875 0.15078125 0.0453125 0.0609375
5 0.2984375 0.92890625 0.09453125 0.1359375