6 0.28359375 0.65703125 0.311328125 0.657421875
6 0.63671875 0.38203125 0.1078125 0.3015625
6 0.59765625 0.07578125 0.0453125 0.1140625
6 0.45390625 0.34921875 0.1015625 0.198828125
3 0.65703125 0.159375 0.0453125 0.069140625
5 0.54765625 0.26171875 0.036328125 0.1078125
5 0.784375 0.70859375 0.08046875 0.229296875
5 0.946875 0.75703125 0.053125 0.229296875
5 0.80703125 0.6140625 0.053125 0.177734375
5 0.7234375 0.2671875 0.037890625 0.09375
5 0.7890625 0.22109375 0.019140625 0.06875
5 0.72421875 0.16953125 0.023828125 0.070703125
5 0.75 0.15859375 0.01171875 0.0640625
3 0.8734375 0.97265625 0.133984375 0.0546875