3 0.134375 0.88515625 0.21015625 0.225
3 0.1859375 0.49296875 0.134375 0.23203125
3 0.234375 0.34921875 0.09453125 0.1546875
3 0.10703125 0.6953125 0.1546875 0.29140625
3 0.28203125 0.2125 0.0671875 0.09609375
5 0.56796875 0.31796875 0.04453125 0.146875
3 0.2546875 0.275 0.07265625 0.146875
5 0.7171875 0.6296875 0.05625 0.20546875
3 0.39453125 0.23515625 0.0671875 0.12734375
5 0.44921875 0.1234375 0.02265625 0.09140625
5 0.77890625 0.61171875 0.05546875 0.20078125
5 0.49140625 0.2375 0.034375 0.12578125
3 0.39765625 0.15390625 0.06328125 0.1125
3 0.309375 0.1453125 0.04765625 0.0828125
3 0.29453125 0.17578125 0.059375 0.06484375
2 0.41171875 0.65234375 0.23046875 0.69453125
5 0.64296875 0.68359375 0.0578125 0.23671875
5 0.55625 0.6015625 0.06171875 0.16015625
3 0.43046875 0.0171875 0.03046875 0.034375
5 0.27890625 0.59140625 0.034375 0.16015625
5 0.32890625 0.25234375 0.0359375 0.0984375
5 0.24296875 0.64140625 0.04921875 0.1640625
5 0.76796875 0.675 0.06640625 0.18359375
3 0.45390625 0.025 0.0390625 0.0484375
5 0.384375 0.01015625 0.01640625 0.0203125
3 0.33046875 0.10703125 0.03125 0.0703125
5 0.2078125 0.61640625 0.04765625 0.178125
5 0.28125 0.45625 0.04765625 0.178125
5 0.3109375 0.34765625 0.06015625 0.1515625
3 0.40546875 0.28359375 0.078125 0.0890625
5 0.203125 0.7296875 0.05859375 0.1765625
5 0.703125 0.88671875 0.08671875 0.225
5 0.58046875 0.728125 0.0625 0.13671875
5 0.80390625 0.81640625 0.08125 0.26875
5 0.61015625 0.9046875 0.096875 0.18984375