3 0.16328125 0.85078125 0.16953125 0.29765625
3 0.38125 0.85 0.2 0.3
3 0.15703125 0.62578125 0.13515625 0.221875
3 0.3609375 0.6078125 0.12265625 0.23671875
3 0.2296875 0.4265625 0.0796875 0.14140625
3 0.20390625 0.52578125 0.096875 0.16328125
3 0.24765625 0.35859375 0.06484375 0.11640625
3 0.33125 0.403125 0.0828125 0.12578125
5 0.0203125 0.9015625 0.03984375 0.18671875
3 0.3671875 0.3359375 0.0609375 0.09140625
3 0.34765625 0.22890625 0.04296875 0.08359375
5 0.425 0.475 0.04453125 0.0921875
5 0.25 0.7515625 0.05 0.221875
3 0.33984375 0.4984375 0.09140625 0.1640625
5 0.5390625 0.5015625 0.0390625 0.11875
5 0.43046875 0.5578125 0.04453125 0.1703125
6 0.27109375 0.278125 0.0734375 0.12578125
3 0.32890625 0.14921875 0.03671875 0.05
5 0.4703125 0.6109375 0.03984375 0.11796875
3 0.3515625 0.29296875 0.05234375 0.0796875
3 0.33515625 0.18828125 0.0359375 0.06171875
3 0.29140625 0.17734375 0.03828125 0.05234375
5 0.53671875 0.89609375 0.06484375 0.1890625
5 0.40390625 0.41171875 0.0296875 0.0953125
5 0.47421875 0.440625 0.03203125 0.11875
3 0.28203125 0.20859375 0.0484375 0.05546875
5 0.52109375 0.81875 0.059375 0.24140625
5 0.7109375 0.8109375 0.053125 0.21328125
5 0.5734375 0.6125 0.05234375 0.1640625
5 0.48203125 0.54140625 0.03828125 0.12578125
5 0.32265625 0.29375 0.02421875 0.0875
5 0.4390625 0.40546875 0.0296875 0.1125
5 0.3921875 0.3796875 0.0296875 0.09609375
5 0.80078125 0.84140625 0.07109375 0.24921875
5 0.61015625 0.93203125 0.06015625 0.1359375
5 0.63046875 0.7875 0.0546875 0.1890625
5 0.65234375 0.884375 0.06328125 0.18515625
5 0.75390625 0.88203125 0.05078125 0.21875
5 0.71171875 0.94921875 0.0484375 0.1015625
5 0.60625 0.69296875 0.06015625 0.21484375
5 0.553125 0.73671875 0.0484375 0.184375
5 0.52890625 0.6484375 0.04296875 0.13984375
5 0.87734375 0.63359375 0.08359375 0.20390625