5 0.5486077890625001 0.53457279375 0.558515171875 0.525908728125 0.5464540109375 0.5264863328125 0.5391311625 0.50453736875 0.5318083140625001 0.49789491874999997 0.5371927609375 0.4825884046875 0.5318083140625001 0.4632386609375 0.51996253125 0.47305793281249997 0.5219009328124999 0.49616210625 0.5113474171875 0.5004941374999999 0.5055322125 0.52619753125 0.511778171875 0.537460815625 0.4971324765625 0.56634103125 0.500147765625 0.6035965078125 0.50596296875 0.61312698125 0.5035938125 0.6324767234374999 0.5109166593750001 0.6440288093750001 0.5343928484375 0.667132984375 0.5464540109375 0.6030189046875 0.5455924984375 0.596087653125 0.5496846796875 0.56316420625 0.5436540984375 0.551900921875 0.55356148125 0.5461248796875 0.5486077890625001 0.53457279375
3 0.32512048125000004 0.9299950109375 0.32432328906249996 0.9449604484374999 0.3466446203125 0.9631327640625 0.33827412031250004 0.9994773984374999 0.52840401875 1 0.512061615625 0.8385989500000001 0.47539086093750005 0.7552200874999999 0.3845111609375 0.7525476890625 0.3566094984375 0.8172197546875 0.3418614765625 0.920908853125 0.32512048125000004 0.9299950109375
6 0.30253097812499996 1 0.3106111796875 0.8162226703125001 0.3052243796875 0.6002487078125001 0.16570625 0.6053049546875 0.13607885 0.7071522078125 0.1403882890625 0.8140557078124999 0.1333854484375 0.9996921921874999 0.3019922984375 1 0.30253097812499996 1
5 0.1667836109375 0.5858022890625 0.1517005703125 0.6305861859374999 0.192640253125 0.6002487078125001 0.1802506109375 0.578579078125 0.181866653125 0.5511308828125 0.1678609703125 0.552575525 0.1667836109375 0.5858022890625
5 0.450891546875 0.3170129859375 0.44155931875 0.31909859687500003 0.4418703921875 0.33411500156249996 0.4325381640625 0.352468384375 0.43595998125 0.3729073796875 0.4365821296875 0.42045932812500003 0.44591435781250005 0.43672709843749996 0.45711303281250004 0.43756134375 0.46302344375000004 0.397100475 0.45929055312499995 0.3670676671875 0.45929055312499995 0.341623203125 0.4512026203125 0.334949246875 0.450891546875 0.3170129859375
5 0.366863528125 0.2180282046875 0.362217890625 0.228288353125 0.3654971640625 0.23891494062500002 0.3674100734375 0.267130353125 0.374515165625 0.276291203125 0.3794340765625 0.25906880625 0.37642807500000003 0.2319526953125 0.3808004390625 0.2246240140625 0.374515165625 0.21766176874999998 0.3720557109375 0.2052030140625 0.366863528125 0.2180282046875
5 0.343088796875 0.213630996875 0.34855425156250003 0.2165624671875 0.35265334375 0.191278525 0.35265334375 0.1733232609375 0.3466413421875 0.158665903125 0.340629340625 0.1751554296875 0.3419957046875 0.190912090625 0.343088796875 0.213630996875
5 0.33461734062500004 0.133381959375 0.33297770312499997 0.152802959375 0.33926297656250004 0.1656281484375 0.34336206874999997 0.15683373437499998 0.34144915937500003 0.130816921875 0.3398095234375 0.122755375 0.3373500671875 0.130816921875 0.33461734062500004 0.133381959375
5 0.3698695296875 0.20043937343749998 0.37560825625 0.212165259375 0.3805271671875 0.18981278906250001 0.382166803125 0.1938435640625 0.3777944390625 0.16489528125 0.3717824375 0.15793303593750002 0.3690497109375 0.17039178906250002 0.3698695296875 0.20043937343749998
5 0.3802538953125 0.17222395937499999 0.3816202578125 0.1956757328125 0.3862658953125 0.1564672984375 0.382986621875 0.1517036578125 0.379160803125 0.1432756765625 0.37560825625 0.1531693921875 0.3720557109375 0.16013163749999998 0.3802538953125 0.17222395937499999
5 0.3586653453125 0.1711246578125 0.3627644359375 0.13887846875 0.358392071875 0.12532041249999998 0.3559326171875 0.13558056406250002 0.3559326171875 0.1575666 0.3586653453125 0.1711246578125
3 0.3220467921875 0.1520700921875 0.324506246875 0.122755375 0.3201338828125 0.10883088437499999 0.3015513328125 0.109563753125 0.296905696875 0.128984753125 0.2979987875 0.1531693921875 0.3220467921875 0.1520700921875
5 0.3515602515625 0.13631343125 0.354566253125 0.115426696875 0.3493740703125 0.10296794218750001 0.346094796875 0.12348824375 0.3515602515625 0.13631343125
5 0.716537834375 0.6393861328125 0.7095049375 0.6827663140625 0.7263838890625001 0.715772971875 0.777724028125 0.7695266734375 0.784053634375 0.691253740625 0.784053634375 0.6610762234374999 0.77069113125 0.6412722265624999 0.779833896875 0.597892046875 0.7538121828125 0.5771450046875 0.7524056031249999 0.5460244421875 0.73622994375 0.5488535828125001 0.73622994375 0.5696006265625 0.7256806 0.5837463374999999 0.716537834375 0.6393861328125