3 0.33125 0.8234375 0.18515625 0.3484375
3 0.1515625 0.76875 0.15078125 0.3296875
3 0.2109375 0.57578125 0.1203125 0.23046875
3 0.44921875 0.65625 0.15 0.30234375
3 0.5421875 0.4828125 0.115625 0.20625
3 0.37109375 0.490625 0.09296875 0.20078125
3 0.23671875 0.44140625 0.0921875 0.1546875
5 0.48828125 0.925 0.07421875 0.14921875
3 0.378125 0.36484375 0.07578125 0.12109375
3 0.2734375 0.3078125 0.05703125 0.1
3 0.28515625 0.38359375 0.06328125 0.1390625
5 0.52265625 0.8828125 0.06171875 0.221875
3 0.3515625 0.27421875 0.05625 0.11953125
5 0.4296875 0.446875 0.03671875 0.1078125
3 0.28203125 0.26328125 0.05 0.0578125
3 0.27265625 0.22578125 0.0453125 0.08046875
3 0.42109375 0.27421875 0.0515625 0.10390625
3 0.3375 0.19453125 0.04140625 0.08046875
3 0.39765625 0.228125 0.0390625 0.07578125
5 0.31875 0.5875 0.06328125 0.13203125
3 0.38671875 0.16796875 0.0390625 0.07421875
5 0.63046875 0.77109375 0.05546875 0.1875
3 0.32734375 0.1609375 0.03515625 0.04765625
5 0.46015625 0.40703125 0.03671875 0.11796875
3 0.34375 0.12734375 0.025 0.0453125
3 0.2859375 0.18125 0.03359375 0.0359375
5 0.2890625 0.5375 0.03828125 0.1484375
3 0.34921875 0.33671875 0.05703125 0.1015625
5 0.02890625 0.96640625 0.0578125 0.06640625
3 0.3328125 0.17421875 0.0390625 0.053125
5 0.76875 0.94140625 0.06015625 0.1171875
5 0.70703125 0.9125 0.0484375 0.175
5 0.68203125 0.834375 0.0484375 0.18359375
5 0.625 0.9265625 0.0625 0.14609375
5 0.5703125 0.7984375 0.059375 0.21875
5 0.540625 0.7234375 0.0515625 0.19140625