3 0.6484375 0.69609375 0.1671875 0.39140625
3 0.41796875 0.69140625 0.16328125 0.3953125
3 0.80390625 0.9484375 0.1859375 0.103125
2 0.15703125 0.64453125 0.31328125 0.7046875
3 0.46640625 0.359375 0.08125 0.19140625
5 0.64609375 0.3734375 0.04140625 0.14296875
3 0.43671875 0.46015625 0.115625 0.2390625
3 0.33984375 0.390625 0.0796875 0.21484375
5 0.58984375 0.3453125 0.0390625 0.13984375
3 0.390625 0.14296875 0.05703125 0.0765625
3 0.45078125 0.2453125 0.06640625 0.12265625
3 0.3609375 0.25 0.07734375 0.19453125
5 0.80546875 0.8359375 0.10546875 0.16953125
5 0.3125 0.871875 0.1046875 0.25625
5 0.58125 0.20703125 0.02578125 0.08515625
3 0.528125 0.1484375 0.05390625 0.08359375