3 0.2375 0.7328125 0.216015625 0.393359375
3 0.5625 0.81875 0.18203125 0.3625
2 0.83984375 0.66328125 0.3015625 0.6734375
3 0.56796875 0.584375 0.146875 0.277734375
3 0.3734375 0.5765625 0.119140625 0.24140625
3 0.61953125 0.43125 0.098046875 0.18203125
3 0.4359375 0.409375 0.11015625 0.18046875
3 0.16015625 0.91875 0.254296875 0.1625
3 0.5625 0.946875 0.20078125 0.10625
3 0.6109375 0.3265625 0.065234375 0.103515625
3 0.48359375 0.32421875 0.071875 0.123828125
3 0.51953125 0.26875 0.061328125 0.07421875
3 0.56484375 0.19609375 0.038671875 0.058203125
3 0.64765625 0.228125 0.051953125 0.075
5 0.66171875 0.55 0.0609375 0.18828125
3 0.65078125 0.2921875 0.054296875 0.100390625
3 0.5296875 0.21171875 0.053515625 0.045703125
5 0.6875 0.4625 0.028515625 0.15703125
5 0.36328125 0.88046875 0.0640625 0.2390625
5 0.4109375 0.82421875 0.065625 0.2765625
5 0.4265625 0.65859375 0.040234375 0.105078125
5 0.44296875 0.5734375 0.0390625 0.090234375
5 0.46484375 0.55390625 0.04375 0.182421875
5 0.4953125 0.4234375 0.0375 0.068359375
5 0.49453125 0.4796875 0.036328125 0.10625
5 0.51484375 0.42265625 0.029296875 0.1375