3 0.42109375 0.68984375 0.1703125 0.3953125
3 0.60546875 0.45546875 0.1140625 0.23671875
3 0.8078125 0.940625 0.19453125 0.11796875
3 0.47109375 0.36015625 0.08515625 0.18984375
3 0.43515625 0.4546875 0.115625 0.228125
3 0.3375 0.3921875 0.0796875 0.20703125
3 0.475 0.16328125 0.0484375 0.096875
5 0.63125 0.340625 0.04140625 0.11875
5 0.84765625 0.77734375 0.09375 0.28046875
3 0.44921875 0.228125 0.04765625 0.10859375
3 0.3859375 0.15625 0.04765625 0.084375
5 0.54765625 0.95703125 0.06640625 0.0859375
3 0.36484375 0.26328125 0.0734375 0.1640625
2 0 0.9918922374999999 0.0478208234375 0.9983766234375 0.21791767499999998 0.9975649343749999 0.23668280937500003 0.99350649375 0.240920096875 0.9748376625 0.253026634375 0.96185065 0.253026634375 0.9423701296875 0.25786925 0.9358766234375 0.253026634375 0.9212662343750001 0.2566585953125 0.8985389609375 0.2699757875 0.8855519484375 0.2699757875 0.8336038968749999 0.2869249390625 0.7816558437500001 0.3038740921875 0.6891233765625 0.30508474531249996 0.6517857140625 0.3147699765625 0.6274350656250001 0.31598062968749996 0.5868506499999999 0.32566585937500003 0.55600649375 0.3329297828125 0.47646103906250004 0.31961259062499997 0.39366883124999996 0.3171912828125 0.33522727343750003 0.3008474578125 0.310064934375 0.23426150156249997 0.29383116875000004 0.1918886203125 0.29058441562500004 0.1749394671875 0.29383116875000004 0.1567796609375 0.3116883109375 0.12530266406249999 0.32629870156249996 0.0792978203125 0.378246753125 0.0363196125 0.43587662343750005 0.024213075 0.46996753281250003 0 0.5076298703125001 0 0.9918922374999999
5 0.28359375 0.93984375 0.06796875 0.1203125
5 0.321875 0.86953125 0.07890625 0.22734375