3 0.4234375 0.54140625 0.14609375 0.27578125
3 0.32421875 0.72734375 0.16875 0.3234375
3 0.18359375 0.86640625 0.2703125 0.2671875
3 0.6296875 0.78125 0.159375 0.36015625
3 0.425 0.38359375 0.10859375 0.1375
5 0.659375 0.52578125 0.0609375 0.190625
3 0.58125 0.93515625 0.21640625 0.12265625
5 0.7953125 0.42890625 0.0453125 0.15390625
3 0.65078125 0.16328125 0.05078125 0.09140625
5 0.034375 0.8890625 0.06875 0.221875
5 0.19140625 0.70390625 0.05859375 0.10625
5 0.36953125 0.9515625 0.0796875 0.096875