3 0.15 0.659375 0.196875 0.4140625
3 0.35234375 0.7234375 0.1796875 0.3546875
3 0.4203125 0.4984375 0.11484375 0.21171875
3 0.2640625 0.48046875 0.11953125 0.23984375
5 0.5859375 0.4734375 0.053125 0.1796875
3 0.64921875 0.78125 0.1484375 0.4109375
5 0.021875 0.8828125 0.04375 0.22421875
5 0.68359375 0.43515625 0.05703125 0.1859375
3 0.375 0.19140625 0.05078125 0.09140625
5 0.25 0.890625 0.090625 0.21875
3 0.54140625 0.25234375 0.06015625 0.10625
5 0.80078125 0.5828125 0.07578125 0.20703125
5 0.10859375 0.946875 0.06875 0.10625
3 0.4453125 0.22890625 0.06171875 0.0984375
3 0.4375 0.3328125 0.07734375 0.15390625
3 0.340625 0.2703125 0.06875 0.1515625
3 0.28515625 0.35 0.10390625 0.17890625
5 0.0625 0.92578125 0.06171875 0.1421875
3 0.43984375 0.16953125 0.05390625 0.08203125
3 0.3796875 0.1453125 0.046875 0.06171875
5 0.346875 0.9671875 0.06875 0.06484375
3 0.6265625 0.928125 0.209375 0.14375
3 0.47890625 0.05078125 0.03515625 0.053125