3 0.35546875 0.59921875 0.14921875 0.29609375
3 0.2234375 0.35390625 0.0859375 0.1578125
3 0.16796875 0.49375 0.13984375 0.29296875
6 0.4109375 0.3765625 0.11796875 0.32421875
5 0.33984375 0.90625 0.07265625 0.18203125
3 0.30078125 0.16484375 0.0484375 0.0734375
5 0.4359375 0.86484375 0.07578125 0.26796875
5 0.8453125 0.48515625 0.04140625 0.0921875
5 0.47265625 0.60078125 0.05390625 0.18046875
5 0.5046875 0.39765625 0.0328125 0.1296875
5 0.3390625 0.21796875 0.034375 0.1296875
5 0.3015625 0.37109375 0.0296875 0.12421875
5 0.28984375 0.446875 0.02890625 0.12890625
5 0.46640625 0.709375 0.0515625 0.18828125
5 0.25234375 0.55 0.0453125 0.12265625
5 0.56328125 0.2859375 0.03046875 0.08046875
5 0.5375 0.8703125 0.05390625 0.25859375
6 0.2546875 0.2625 0.09375 0.17578125
5 0.5609375 0.42890625 0.03671875 0.15390625
5 0.51953125 0.4984375 0.03671875 0.16015625
5 0.5640625 0.6078125 0.04296875 0.15703125
5 0.75390625 0.37734375 0.0453125 0.121875
5 0.59921875 0.4 0.0328125 0.1453125
5 0.33828125 0.26328125 0.02421875 0.05859375
5 0.68671875 0.41875 0.0375 0.15390625
5 0.10703125 0.671875 0.04453125 0.11484375
5 0.68046875 0.34921875 0.02734375 0.071875
5 0.715625 0.43203125 0.03046875 0.1078125
5 0.6265625 0.62734375 0.05546875 0.125
5 0.559375 0.74140625 0.06484375 0.26953125
5 0.2578125 0.4703125 0.0421875 0.10625
5 0.05078125 0.559375 0.03515625 0.14453125
5 0.7859375 0.671875 0.04765625 0.21015625
5 0.84296875 0.878125 0.06875 0.23828125
5 0.26328125 0.89140625 0.065625 0.21171875
5 0.08359375 0.48828125 0.04140625 0.13984375
5 0.70390625 0.56953125 0.04140625 0.1609375
5 0.59765625 0.571875 0.03515625 0.1859375
5 0.746875 0.60546875 0.03828125 0.1484375
5 0.35859375 0.1890625 0.02265625 0.08984375
5 0.3421875 0.334375 0.02109375 0.096875
5 0.63828125 0.40859375 0.034375 0.08359375
5 0.64296875 0.69453125 0.046875 0.08828125
5 0.95 0.62734375 0.05234375 0.21484375
5 0.45703125 0.68125 0.0453125 0.13125
5 0.2890625 0.40859375 0.02578125 0.06875
5 0.521875 0.30390625 0.03046875 0.10078125
5 0.6171875 0.53515625 0.03984375 0.1171875
5 0.63828125 0.5328125 0.0265625 0.1171875
5 0.23671875 0.63046875 0.04296875 0.14453125
5 0.48671875 0.3015625 0.03125 0.10078125
3 0.42109375 0.19609375 0.08671875 0.1296875
5 0.334375 0.3296875 0.01953125 0.10234375
5 0.39609375 0.9859375 0.0578125 0.02734375
5 0.64921875 0.73125 0.0609375 0.1609375
5 0.59765625 0.328125 0.028125 0.1046875
5 0.8828125 0.59921875 0.03828125 0.16015625
5 0.7921875 0.52734375 0.0390625 0.090625
5 0.4796875 0.9828125 0.046875 0.03359375
5 0.0203125 0.62578125 0.03984375 0.19609375
5 0.29609375 0.22421875 0.02421875 0.0953125
5 0.46640625 0.640625 0.0578125 0.1203125
5 0.72890625 0.428125 0.034375 0.140625
5 0.559375 0.6515625 0.04453125 0.09921875
5 0.640625 0.44453125 0.03203125 0.05234375
5 0.51171875 0.53984375 0.028125 0.1265625
5 0.75546875 0.79921875 0.04921875 0.2296875
5 0.66484375 0.86953125 0.0734375 0.2125
5 0.14375 0.34609375 0.0234375 0.0765625
5 0.6421875 0.31953125 0.0359375 0.10703125
5 0.6703125 0.2625 0.04453125 0.115625
5 0.6203125 0.23515625 0.03359375 0.09765625
5 0.6 0.25390625 0.03046875 0.0796875
5 0.5640625 0.22421875 0.02734375 0.07265625
3 0.57734375 0.1703125 0.0234375 0.08046875
3 0.5109375 0.2296875 0.06953125 0.09609375
3 0.49609375 0.17109375 0.053125 0.053125
3 0.4859375 0.1328125 0.0484375 0.04453125
4 0.30625 0.1125 0.04921875 0.06171875