3 0.1375 0.840625 0.275 0.318359375
3 0.3296875 0.64921875 0.165625 0.2828125
3 0.7640625 0.5515625 0.109765625 0.22109375
6 0.653125 0.22578125 0.06875 0.1328125
3 0.55546875 0.20703125 0.063671875 0.125
3 0.58046875 0.5796875 0.113671875 0.272265625
3 0.44296875 0.3578125 0.1140625 0.234375
5 0.78828125 0.88203125 0.098046875 0.232421875
5 0.778125 0.37421875 0.03671875 0.1328125
3 0.728125 0.19453125 0.04375 0.098046875
5 0.653125 0.43671875 0.03828125 0.159375
5 0.71484375 0.30078125 0.032421875 0.119921875
5 0.69921875 0.3984375 0.0296875 0.141015625
3 0.64140625 0.15078125 0.045703125 0.0796875
3 0.59375 0.10546875 0.037109375 0.082421875
6 0.6484375 0.06640625 0.0375 0.083203125