3 0.375 0.58984375 0.15625 0.3125
3 0.21328125 0.8125 0.2234375 0.3625
3 0.55390625 0.59765625 0.1609375 0.3078125
3 0.44140625 0.41640625 0.113671875 0.2078125
3 0.54921875 0.846875 0.1890625 0.30625
3 0.7546875 0.55390625 0.105859375 0.221875
3 0.78984375 0.853125 0.1703125 0.290625
3 0.60703125 0.41484375 0.090625 0.175
3 0.73984375 0.40703125 0.073828125 0.15
5 0.9765625 0.915625 0.046875 0.1625
5 0.9109375 0.85546875 0.05625 0.253125
3 0.71796875 0.32578125 0.061328125 0.130078125
3 0.63515625 0.29140625 0.0578125 0.136328125
3 0.5359375 0.24609375 0.053515625 0.115625
5 0.21640625 0.6015625 0.046875 0.10390625
5 0.98046875 0.80859375 0.0390625 0.188671875
3 0.50703125 0.30859375 0.059375 0.133203125
3 0.565625 0.2109375 0.046484375 0.11015625
3 0.584375 0.15703125 0.04921875 0.0828125
5 0.93984375 0.59453125 0.041796875 0.165625
3 0.73046875 0.23984375 0.05625 0.09375
5 0.97265625 0.71171875 0.051171875 0.180078125
5 0.86328125 0.5421875 0.0375 0.141015625
5 0.89453125 0.7234375 0.041796875 0.12734375
3 0.603125 0.115625 0.040234375 0.07421875
5 0.3609375 0.89140625 0.09140625 0.2171875
5 0.90390625 0.625 0.033203125 0.090625
5 0.92578125 0.503125 0.0375 0.11875
5 0.86875 0.69375 0.0375 0.165234375
5 0.98671875 0.59453125 0.0265625 0.148828125
5 0.81796875 0.36015625 0.0234375 0.0796875
5 0.809375 0.41640625 0.040234375 0.1328125
5 0.765625 0.66953125 0.053125 0.098828125
3 0.64921875 0.12890625 0.042578125 0.067578125
5 0.871875 0.58515625 0.037890625 0.095703125
5 0.828125 0.53125 0.031640625 0.13203125
5 0.7859375 0.38359375 0.022265625 0.096875
5 0.82421875 0.36640625 0.029296875 0.125