3 0.58359375 0.82578125 0.1859375 0.3484375
3 0.3109375 0.825 0.2046875 0.340625
3 0.14921875 0.784375 0.1921875 0.390625
3 0.2109375 0.4796875 0.109375 0.21015625
3 0.35625 0.6578125 0.1203125 0.290625
3 0.35546875 0.4734375 0.1 0.196875
5 0.828125 0.8828125 0.0671875 0.22890625
5 0.2640625 0.61953125 0.04140625 0.16875
5 0.4578125 0.8875 0.07109375 0.22109375
5 0.753125 0.9453125 0.06796875 0.10859375
3 0.3484375 0.3640625 0.0796875 0.11640625
3 0.259375 0.3328125 0.06328125 0.12265625
5 0.46484375 0.9515625 0.07109375 0.096875
5 0.46328125 0.621875 0.03984375 0.165625
5 0.44453125 0.7453125 0.046875 0.1484375
5 0.13359375 0.5390625 0.03359375 0.1015625
5 0.2109375 0.57265625 0.0328125 0.09296875
5 0.42265625 0.47265625 0.046875 0.1765625
5 0.56640625 0.61328125 0.034375 0.08515625
5 0.48046875 0.43125 0.04140625 0.15546875
5 0.3984375 0.30859375 0.03125 0.08046875
3 0.37109375 0.24453125 0.0390625 0.109375
3 0.3453125 0.30546875 0.06015625 0.09375
5 0.85546875 0.965625 0.0828125 0.06875
5 0.7546875 0.87734375 0.05078125 0.2015625
3 0.24296875 0.41171875 0.0625 0.15
5 0.4015625 0.203125 0.02578125 0.07578125
5 0.50859375 0.621875 0.0421875 0.115625
5 0.72421875 0.68515625 0.07578125 0.20078125
5 0.51640625 0.56484375 0.03828125 0.12109375
5 0.4078125 0.384375 0.0328125 0.1078125